1.050000000000000044e+00 0.000000000000000000e+00 5.000000000000000000e-01
9.499999999999999556e-01 0.000000000000000000e+00 5.000000000000000000e-01
9.499999999999999556e-01 0.000000000000000000e+00 -5.000000000000000000e-01
1.050000000000000044e+00 0.000000000000000000e+00 -5.000000000000000000e-01
1.027054980770496062e+00 2.183072753586473014e-01 5.000000000000000000e-01
9.292402206971153156e-01 1.975161062768713283e-01 5.000000000000000000e-01
9.292402206971153156e-01 1.975161062768713283e-01 -5.000000000000000000e-01
1.027054980770496062e+00 2.183072753586473014e-01 -5.000000000000000000e-01
9.592227305247309488e-01 4.270734752295901604e-01 5.000000000000000000e-01
8.678681847604707844e-01 3.863998109220101451e-01 5.000000000000000000e-01
8.678681847604707844e-01 3.863998109220101451e-01 -5.000000000000000000e-01
9.592227305247309488e-01 4.270734752295901604e-01 -5.000000000000000000e-01
8.494678440936949126e-01 6.171745149070968495e-01 5.000000000000000000e-01
7.685661446561999899e-01 5.583959896778494247e-01 5.000000000000000000e-01
7.685661446561999899e-01 5.583959896778494247e-01 -5.000000000000000000e-01
8.494678440936949126e-01 6.171745149070968495e-01 -5.000000000000000000e-01
7.025871366768011717e-01 7.803020667512639008e-01 5.000000000000000000e-01
6.356740760409153035e-01 7.059875842035243654e-01 5.000000000000000000e-01
6.356740760409153035e-01 7.059875842035243654e-01 -5.000000000000000000e-01
7.025871366768011717e-01 7.803020667512639008e-01 -5.000000000000000000e-01
5.250000000000001332e-01 9.093266739736605153e-01 5.000000000000000000e-01
4.750000000000000888e-01 8.227241335952166779e-01 5.000000000000000000e-01
4.750000000000000888e-01 8.227241335952166779e-01 -5.000000000000000000e-01
5.250000000000001332e-01 9.093266739736605153e-01 -5.000000000000000000e-01
3.244678440936948349e-01 9.986093421099112577e-01 5.000000000000000000e-01
2.935661446562000676e-01 9.035036904803958047e-01 5.000000000000000000e-01
2.935661446562000676e-01 9.035036904803958047e-01 -5.000000000000000000e-01
3.244678440936948349e-01 9.986093421099112577e-01 -5.000000000000000000e-01
1.097548864310363692e-01 1.044247990136687010e+00 5.000000000000000000e-01
9.930204010427098882e-02 9.447958005998595699e-01 5.000000000000000000e-01
9.930204010427098882e-02 9.447958005998595699e-01 -5.000000000000000000e-01
1.097548864310363692e-01 1.044247990136687010e+00 -5.000000000000000000e-01
-1.097548864310360084e-01 1.044247990136687010e+00 5.000000000000000000e-01
-9.930204010427065575e-02 9.447958005998596809e-01 5.000000000000000000e-01
-9.930204010427065575e-02 9.447958005998596809e-01 -5.000000000000000000e-01
-1.097548864310360084e-01 1.044247990136687010e+00 -5.000000000000000000e-01
-3.244678440936947239e-01 9.986093421099113687e-01 5.000000000000000000e-01
-2.935661446561999566e-01 9.035036904803959157e-01 5.000000000000000000e-01
-2.935661446561999566e-01 9.035036904803959157e-01 -5.000000000000000000e-01
-3.244678440936947239e-01 9.986093421099113687e-01 -5.000000000000000000e-01
-5.249999999999998002e-01 9.093266739736606263e-01 5.000000000000000000e-01
-4.749999999999997558e-01 8.227241335952167889e-01 5.000000000000000000e-01
-4.749999999999997558e-01 8.227241335952167889e-01 -5.000000000000000000e-01
-5.249999999999998002e-01 9.093266739736606263e-01 -5.000000000000000000e-01
-7.025871366768008386e-01 7.803020667512642339e-01 5.000000000000000000e-01
-6.356740760409149704e-01 7.059875842035246984e-01 5.000000000000000000e-01
-6.356740760409149704e-01 7.059875842035246984e-01 -5.000000000000000000e-01
-7.025871366768008386e-01 7.803020667512642339e-01 -5.000000000000000000e-01
-8.494678440936946906e-01 6.171745149070969605e-01 5.000000000000000000e-01
-7.685661446561999899e-01 5.583959896778495358e-01 5.000000000000000000e-01
-7.685661446561999899e-01 5.583959896778495358e-01 -5.000000000000000000e-01
-8.494678440936946906e-01 6.171745149070969605e-01 -5.000000000000000000e-01
-9.592227305247308378e-01 4.270734752295904935e-01 5.000000000000000000e-01
-8.678681847604706734e-01 3.863998109220103672e-01 5.000000000000000000e-01
-8.678681847604706734e-01 3.863998109220103672e-01 -5.000000000000000000e-01
-9.592227305247308378e-01 4.270734752295904935e-01 -5.000000000000000000e-01
-1.027054980770495840e+00 2.183072753586477177e-01 5.000000000000000000e-01
-9.292402206971152046e-01 1.975161062768717446e-01 5.000000000000000000e-01
-9.292402206971152046e-01 1.975161062768717446e-01 -5.000000000000000000e-01
-1.027054980770495840e+00 2.183072753586477177e-01 -5.000000000000000000e-01
-1.050000000000000044e+00 1.285879139104720978e-16 5.000000000000000000e-01
-9.499999999999999556e-01 1.163414459189985436e-16 5.000000000000000000e-01
-9.499999999999999556e-01 1.163414459189985436e-16 -5.000000000000000000e-01
-1.050000000000000044e+00 1.285879139104720978e-16 -5.000000000000000000e-01
-1.027054980770496062e+00 -2.183072753586470238e-01 5.000000000000000000e-01
-9.292402206971153156e-01 -1.975161062768711062e-01 5.000000000000000000e-01
-9.292402206971153156e-01 -1.975161062768711062e-01 -5.000000000000000000e-01
-1.027054980770496062e+00 -2.183072753586470238e-01 -5.000000000000000000e-01
-9.592227305247311708e-01 -4.270734752295898273e-01 5.000000000000000000e-01
-8.678681847604710065e-01 -3.863998109220098121e-01 5.000000000000000000e-01
-8.678681847604710065e-01 -3.863998109220098121e-01 -5.000000000000000000e-01
-9.592227305247311708e-01 -4.270734752295898273e-01 -5.000000000000000000e-01
-8.494678440936950237e-01 -6.171745149070967384e-01 5.000000000000000000e-01
-7.685661446562001009e-01 -5.583959896778493137e-01 5.000000000000000000e-01
-7.685661446562001009e-01 -5.583959896778493137e-01 -5.000000000000000000e-01
-8.494678440936950237e-01 -6.171745149070967384e-01 -5.000000000000000000e-01
-7.025871366768013937e-01 -7.803020667512637898e-01 5.000000000000000000e-01
-6.356740760409155255e-01 -7.059875842035242544e-01 5.000000000000000000e-01
-6.356740760409155255e-01 -7.059875842035242544e-01 -5.000000000000000000e-01
-7.025871366768013937e-01 -7.803020667512637898e-01 -5.000000000000000000e-01
-5.250000000000004663e-01 -9.093266739736602933e-01 5.000000000000000000e-01
-4.750000000000004219e-01 -8.227241335952164558e-01 5.000000000000000000e-01
-4.750000000000004219e-01 -8.227241335952164558e-01 -5.000000000000000000e-01
-5.250000000000004663e-01 -9.093266739736602933e-01 -5.000000000000000000e-01
-3.244678440936949460e-01 -9.986093421099112577e-01 5.000000000000000000e-01
-2.935661446562001786e-01 -9.035036904803958047e-01 5.000000000000000000e-01
-2.935661446562001786e-01 -9.035036904803958047e-01 -5.000000000000000000e-01
-3.244678440936949460e-01 -9.986093421099112577e-01 -5.000000000000000000e-01
-1.097548864310369521e-01 -1.044247990136687010e+00 5.000000000000000000e-01
-9.930204010427151617e-02 -9.447958005998595699e-01 5.000000000000000000e-01
-9.930204010427151617e-02 -9.447958005998595699e-01 -5.000000000000000000e-01
-1.097548864310369521e-01 -1.044247990136687010e+00 -5.000000000000000000e-01
1.097548864310356337e-01 -1.044247990136687010e+00 5.000000000000000000e-01
9.930204010427033656e-02 -9.447958005998596809e-01 5.000000000000000000e-01
9.930204010427033656e-02 -9.447958005998596809e-01 -5.000000000000000000e-01
1.097548864310356337e-01 -1.044247990136687010e+00 -5.000000000000000000e-01
3.244678440936946129e-01 -9.986093421099113687e-01 5.000000000000000000e-01
2.935661446561998456e-01 -9.035036904803959157e-01 5.000000000000000000e-01
2.935661446561998456e-01 -9.035036904803959157e-01 -5.000000000000000000e-01
3.244678440936946129e-01 -9.986093421099113687e-01 -5.000000000000000000e-01
5.249999999999993561e-01 -9.093266739736610704e-01 5.000000000000000000e-01
4.749999999999993672e-01 -8.227241335952170109e-01 5.000000000000000000e-01
4.749999999999993672e-01 -8.227241335952170109e-01 -5.000000000000000000e-01
5.249999999999993561e-01 -9.093266739736610704e-01 -5.000000000000000000e-01
7.025871366768007276e-01 -7.803020667512643449e-01 5.000000000000000000e-01
6.356740760409148594e-01 -7.059875842035248095e-01 5.000000000000000000e-01
6.356740760409148594e-01 -7.059875842035248095e-01 -5.000000000000000000e-01
7.025871366768007276e-01 -7.803020667512643449e-01 -5.000000000000000000e-01
8.494678440936946906e-01 -6.171745149070970715e-01 5.000000000000000000e-01
7.685661446561999899e-01 -5.583959896778496468e-01 5.000000000000000000e-01
7.685661446561999899e-01 -5.583959896778496468e-01 -5.000000000000000000e-01
8.494678440936946906e-01 -6.171745149070970715e-01 -5.000000000000000000e-01
9.592227305247306157e-01 -4.270734752295909931e-01 5.000000000000000000e-01
8.678681847604704513e-01 -3.863998109220108668e-01 5.000000000000000000e-01
8.678681847604704513e-01 -3.863998109220108668e-01 -5.000000000000000000e-01
9.592227305247306157e-01 -4.270734752295909931e-01 -5.000000000000000000e-01
1.027054980770495840e+00 -2.183072753586478842e-01 5.000000000000000000e-01
9.292402206971152046e-01 -1.975161062768718556e-01 5.000000000000000000e-01
9.292402206971152046e-01 -1.975161062768718556e-01 -5.000000000000000000e-01
1.027054980770495840e+00 -2.183072753586478842e-01 -5.000000000000000000e-01
3.043981521706228044e+00 1.915110845644046877e-01 -5.000000000000000000e-01
2.944178848863401310e+00 1.852320326114733906e-01 -5.000000000000000000e-01
2.944178848863401310e+00 1.852320326114733906e-01 5.000000000000000000e-01
3.043981521706228044e+00 1.915110845644046877e-01 5.000000000000000000e-01
3.025949839009157483e+00 3.822663623711257674e-01 -5.000000000000000000e-01
2.926738368877709995e+00 3.697330390146954526e-01 -5.000000000000000000e-01
2.926738368877709995e+00 3.697330390146954526e-01 5.000000000000000000e-01
3.025949839009157483e+00 3.822663623711257674e-01 5.000000000000000000e-01
2.995976114722500583e+00 5.715130094864595556e-01 -5.000000000000000000e-01
2.897747389649631966e+00 5.527748780278871621e-01 -5.000000000000000000e-01
2.897747389649631966e+00 5.527748780278871621e-01 5.000000000000000000e-01
2.995976114722500583e+00 5.715130094864595556e-01 5.000000000000000000e-01
2.954178641442325226e+00 7.585041558528055061e-01 -5.000000000000000000e-01
2.857320325329462563e+00 7.336351671363201543e-01 -5.000000000000000000e-01
2.857320325329462563e+00 7.336351671363201543e-01 5.000000000000000000e-01
2.954178641442325226e+00 7.585041558528055061e-01 5.000000000000000000e-01
2.900722374700219319e+00 9.425018328435870174e-01 -5.000000000000000000e-01
2.805616723070703866e+00 9.116001334060923611e-01 -5.000000000000000000e-01
2.805616723070703866e+00 9.116001334060923611e-01 5.000000000000000000e-01
2.900722374700219319e+00 9.425018328435870174e-01 5.000000000000000000e-01
2.835818281959167297e+00 1.122779885688266699e+00 -5.000000000000000000e-01
2.742840633370342118e+00 1.085967430419799040e+00 -5.000000000000000000e-01
2.742840633370342118e+00 1.085967430419799040e+00 5.000000000000000000e-01
2.835818281959167297e+00 1.122779885688266699e+00 5.000000000000000000e-01
2.759722510021360264e+00 1.298626839273469447e+00 -5.000000000000000000e-01
2.669239804774758529e+00 1.256048910116962514e+00 -5.000000000000000000e-01
2.669239804774758529e+00 1.256048910116962514e+00 5.000000000000000000e-01
2.759722510021360264e+00 1.298626839273469447e+00 5.000000000000000000e-01
2.672735374133784259e+00 1.469348706010231043e+00 -5.000000000000000000e-01
2.585104706129397911e+00 1.421173338600059566e+00 -5.000000000000000000e-01
2.585104706129397911e+00 1.421173338600059566e+00 5.000000000000000000e-01
2.672735374133784259e+00 1.469348706010231043e+00 5.000000000000000000e-01
2.575200172781146879e+00 1.634271724685937954e+00 -5.000000000000000000e-01
2.490767380230945793e+00 1.580689045188038655e+00 -5.000000000000000000e-01
2.490767380230945793e+00 1.580689045188038655e+00 5.000000000000000000e-01
2.575200172781146879e+00 1.634271724685937954e+00 5.000000000000000000e-01
2.467501832843591369e+00 1.792745019492040681e+00 -5.000000000000000000e-01
2.386600133406096891e+00 1.733966494262793478e+00 -5.000000000000000000e-01
2.386600133406096891e+00 1.733966494262793478e+00 5.000000000000000000e-01
2.467501832843591369e+00 1.792745019492040681e+00 5.000000000000000000e-01
2.350065390466157922e+00 1.944143168733502680e+00 -5.000000000000000000e-01
2.273014066188578930e+00 1.880400769758633794e+00 -5.000000000000000000e-01
2.273014066188578930e+00 1.880400769758633794e+00 5.000000000000000000e-01
2.350065390466157922e+00 1.944143168733502680e+00 5.000000000000000000e-01
2.223354313635306667e+00 2.087868673082498905e+00 -5.000000000000000000e-01
2.150457450893165312e+00 2.019413962489630343e+00 -5.000000000000000000e-01
2.150457450893165312e+00 2.019413962489630343e+00 5.000000000000000000e-01
2.223354313635306667e+00 2.087868673082498905e+00 5.000000000000000000e-01
2.087868673082500681e+00 2.223354313635304447e+00 -5.000000000000000000e-01
2.019413962489632119e+00 2.150457450893163536e+00 -5.000000000000000000e-01
2.019413962489632119e+00 2.150457450893163536e+00 5.000000000000000000e-01
2.087868673082500681e+00 2.223354313635304447e+00 5.000000000000000000e-01
1.944143168733504901e+00 2.350065390466156146e+00 -5.000000000000000000e-01
1.880400769758636237e+00 2.273014066188577598e+00 -5.000000000000000000e-01
1.880400769758636237e+00 2.273014066188577598e+00 5.000000000000000000e-01
1.944143168733504901e+00 2.350065390466156146e+00 5.000000000000000000e-01
1.792745019492045344e+00 2.467501832843587817e+00 -5.000000000000000000e-01
1.733966494262798141e+00 2.386600133406093338e+00 -5.000000000000000000e-01
1.733966494262798141e+00 2.386600133406093338e+00 5.000000000000000000e-01
1.792745019492045344e+00 2.467501832843587817e+00 5.000000000000000000e-01
1.634271724685940619e+00 2.575200172781145103e+00 -5.000000000000000000e-01
1.580689045188041320e+00 2.490767380230944017e+00 -5.000000000000000000e-01
1.580689045188041320e+00 2.490767380230944017e+00 5.000000000000000000e-01
1.634271724685940619e+00 2.575200172781145103e+00 5.000000000000000000e-01
1.469348706010233485e+00 2.672735374133782926e+00 -5.000000000000000000e-01
1.421173338600062008e+00 2.585104706129396579e+00 -5.000000000000000000e-01
1.421173338600062008e+00 2.585104706129396579e+00 5.000000000000000000e-01
1.469348706010233485e+00 2.672735374133782926e+00 5.000000000000000000e-01
1.298626839273472111e+00 2.759722510021359376e+00 -5.000000000000000000e-01
1.256048910116964956e+00 2.669239804774757641e+00 -5.000000000000000000e-01
1.256048910116964956e+00 2.669239804774757641e+00 5.000000000000000000e-01
1.298626839273472111e+00 2.759722510021359376e+00 5.000000000000000000e-01
1.122779885688269363e+00 2.835818281959165965e+00 -5.000000000000000000e-01
1.085967430419801483e+00 2.742840633370341230e+00 -5.000000000000000000e-01
1.085967430419801483e+00 2.742840633370341230e+00 5.000000000000000000e-01
1.122779885688269363e+00 2.835818281959165965e+00 5.000000000000000000e-01
9.425018328435896819e-01 2.900722374700217987e+00 -5.000000000000000000e-01
9.116001334060950256e-01 2.805616723070702978e+00 -5.000000000000000000e-01
9.116001334060950256e-01 2.805616723070702978e+00 5.000000000000000000e-01
9.425018328435896819e-01 2.900722374700217987e+00 5.000000000000000000e-01
7.585041558528082817e-01 2.954178641442324338e+00 -5.000000000000000000e-01
7.336351671363228188e-01 2.857320325329461674e+00 -5.000000000000000000e-01
7.336351671363228188e-01 2.857320325329461674e+00 5.000000000000000000e-01
7.585041558528082817e-01 2.954178641442324338e+00 5.000000000000000000e-01
5.715130094864623311e-01 2.995976114722499695e+00 -5.000000000000000000e-01
5.527748780278899376e-01 2.897747389649631078e+00 -5.000000000000000000e-01
5.527748780278899376e-01 2.897747389649631078e+00 5.000000000000000000e-01
5.715130094864623311e-01 2.995976114722499695e+00 5.000000000000000000e-01
3.822663623711286540e-01 3.025949839009157039e+00 -5.000000000000000000e-01
3.697330390146982282e-01 2.926738368877709551e+00 -5.000000000000000000e-01
3.697330390146982282e-01 2.926738368877709551e+00 5.000000000000000000e-01
3.822663623711286540e-01 3.025949839009157039e+00 5.000000000000000000e-01
1.915110845644076021e-01 3.043981521706228044e+00 -5.000000000000000000e-01
1.852320326114762217e-01 2.944178848863401310e+00 -5.000000000000000000e-01
1.852320326114762217e-01 2.944178848863401310e+00 5.000000000000000000e-01
1.915110845644076021e-01 3.043981521706228044e+00 5.000000000000000000e-01
1.867586368699713573e-16 3.049999999999999822e+00 -5.000000000000000000e-01
1.806354028742346048e-16 2.950000000000000178e+00 -5.000000000000000000e-01
1.806354028742346048e-16 2.950000000000000178e+00 5.000000000000000000e-01
1.867586368699713573e-16 3.049999999999999822e+00 5.000000000000000000e-01
-1.915110845644045212e-01 3.043981521706228044e+00 -5.000000000000000000e-01
-1.852320326114732241e-01 2.944178848863401310e+00 -5.000000000000000000e-01
-1.852320326114732241e-01 2.944178848863401310e+00 5.000000000000000000e-01
-1.915110845644045212e-01 3.043981521706228044e+00 5.000000000000000000e-01
-3.822663623711256009e-01 3.025949839009157483e+00 -5.000000000000000000e-01
-3.697330390146952861e-01 2.926738368877709995e+00 -5.000000000000000000e-01
-3.697330390146952861e-01 2.926738368877709995e+00 5.000000000000000000e-01
-3.822663623711256009e-01 3.025949839009157483e+00 5.000000000000000000e-01
-5.715130094864593335e-01 2.995976114722500583e+00 -5.000000000000000000e-01
-5.527748780278869400e-01 2.897747389649631966e+00 -5.000000000000000000e-01
-5.527748780278869400e-01 2.897747389649631966e+00 5.000000000000000000e-01
-5.715130094864593335e-01 2.995976114722500583e+00 5.000000000000000000e-01
-7.585041558528052841e-01 2.954178641442325226e+00 -5.000000000000000000e-01
-7.336351671363199323e-01 2.857320325329462563e+00 -5.000000000000000000e-01
-7.336351671363199323e-01 2.857320325329462563e+00 5.000000000000000000e-01
-7.585041558528052841e-01 2.954178641442325226e+00 5.000000000000000000e-01
-9.425018328435893489e-01 2.900722374700218431e+00 -5.000000000000000000e-01
-9.116001334060946926e-01 2.805616723070703422e+00 -5.000000000000000000e-01
-9.116001334060946926e-01 2.805616723070703422e+00 5.000000000000000000e-01
-9.425018328435893489e-01 2.900722374700218431e+00 5.000000000000000000e-01
-1.122779885688266477e+00 2.835818281959167297e+00 -5.000000000000000000e-01
-1.085967430419798818e+00 2.742840633370342118e+00 -5.000000000000000000e-01
-1.085967430419798818e+00 2.742840633370342118e+00 5.000000000000000000e-01
-1.122779885688266477e+00 2.835818281959167297e+00 5.000000000000000000e-01
-1.298626839273469225e+00 2.759722510021360709e+00 -5.000000000000000000e-01
-1.256048910116962292e+00 2.669239804774758973e+00 -5.000000000000000000e-01
-1.256048910116962292e+00 2.669239804774758973e+00 5.000000000000000000e-01
-1.298626839273469225e+00 2.759722510021360709e+00 5.000000000000000000e-01
-1.469348706010230821e+00 2.672735374133784259e+00 -5.000000000000000000e-01
-1.421173338600059566e+00 2.585104706129397911e+00 -5.000000000000000000e-01
-1.421173338600059566e+00 2.585104706129397911e+00 5.000000000000000000e-01
-1.469348706010230821e+00 2.672735374133784259e+00 5.000000000000000000e-01
-1.634271724685937954e+00 2.575200172781146879e+00 -5.000000000000000000e-01
-1.580689045188038655e+00 2.490767380230945793e+00 -5.000000000000000000e-01
-1.580689045188038655e+00 2.490767380230945793e+00 5.000000000000000000e-01
-1.634271724685937954e+00 2.575200172781146879e+00 5.000000000000000000e-01
-1.792745019492042680e+00 2.467501832843589593e+00 -5.000000000000000000e-01
-1.733966494262795477e+00 2.386600133406095114e+00 -5.000000000000000000e-01
-1.733966494262795477e+00 2.386600133406095114e+00 5.000000000000000000e-01
-1.792745019492042680e+00 2.467501832843589593e+00 5.000000000000000000e-01
-1.944143168733502680e+00 2.350065390466157922e+00 -5.000000000000000000e-01
-1.880400769758633794e+00 2.273014066188578930e+00 -5.000000000000000000e-01
-1.880400769758633794e+00 2.273014066188578930e+00 5.000000000000000000e-01
-1.944143168733502680e+00 2.350065390466157922e+00 5.000000000000000000e-01
-2.087868673082499349e+00 2.223354313635305779e+00 -5.000000000000000000e-01
-2.019413962489630787e+00 2.150457450893164868e+00 -5.000000000000000000e-01
-2.019413962489630787e+00 2.150457450893164868e+00 5.000000000000000000e-01
-2.087868673082499349e+00 2.223354313635305779e+00 5.000000000000000000e-01
-2.223354313635304447e+00 2.087868673082500681e+00 -5.000000000000000000e-01
-2.150457450893163536e+00 2.019413962489632119e+00 -5.000000000000000000e-01
-2.150457450893163536e+00 2.019413962489632119e+00 5.000000000000000000e-01
-2.223354313635304447e+00 2.087868673082500681e+00 5.000000000000000000e-01
-2.350065390466155701e+00 1.944143168733504901e+00 -5.000000000000000000e-01
-2.273014066188577154e+00 1.880400769758636237e+00 -5.000000000000000000e-01
-2.273014066188577154e+00 1.880400769758636237e+00 5.000000000000000000e-01
-2.350065390466155701e+00 1.944143168733504901e+00 5.000000000000000000e-01
-2.467501832843588705e+00 1.792745019492044234e+00 -5.000000000000000000e-01
-2.386600133406094226e+00 1.733966494262797253e+00 -5.000000000000000000e-01
-2.386600133406094226e+00 1.733966494262797253e+00 5.000000000000000000e-01
-2.467501832843588705e+00 1.792745019492044234e+00 5.000000000000000000e-01
-2.575200172781145103e+00 1.634271724685940619e+00 -5.000000000000000000e-01
-2.490767380230944017e+00 1.580689045188041320e+00 -5.000000000000000000e-01
-2.490767380230944017e+00 1.580689045188041320e+00 5.000000000000000000e-01
-2.575200172781145103e+00 1.634271724685940619e+00 5.000000000000000000e-01
-2.672735374133782926e+00 1.469348706010232597e+00 -5.000000000000000000e-01
-2.585104706129397023e+00 1.421173338600061120e+00 -5.000000000000000000e-01
-2.585104706129397023e+00 1.421173338600061120e+00 5.000000000000000000e-01
-2.672735374133782926e+00 1.469348706010232597e+00 5.000000000000000000e-01
-2.759722510021358932e+00 1.298626839273472111e+00 -5.000000000000000000e-01
-2.669239804774757197e+00 1.256048910116965178e+00 -5.000000000000000000e-01
-2.669239804774757197e+00 1.256048910116965178e+00 5.000000000000000000e-01
-2.759722510021358932e+00 1.298626839273472111e+00 5.000000000000000000e-01
-2.835818281959165965e+00 1.122779885688269363e+00 -5.000000000000000000e-01
-2.742840633370340786e+00 1.085967430419801705e+00 -5.000000000000000000e-01
-2.742840633370340786e+00 1.085967430419801705e+00 5.000000000000000000e-01
-2.835818281959165965e+00 1.122779885688269363e+00 5.000000000000000000e-01
-2.900722374700217543e+00 9.425018328435912363e-01 -5.000000000000000000e-01
-2.805616723070702978e+00 9.116001334060964689e-01 -5.000000000000000000e-01
-2.805616723070702978e+00 9.116001334060964689e-01 5.000000000000000000e-01
-2.900722374700217543e+00 9.425018328435912363e-01 5.000000000000000000e-01
-2.954178641442324338e+00 7.585041558528083927e-01 -5.000000000000000000e-01
-2.857320325329461674e+00 7.336351671363230409e-01 -5.000000000000000000e-01
-2.857320325329461674e+00 7.336351671363230409e-01 5.000000000000000000e-01
-2.954178641442324338e+00 7.585041558528083927e-01 5.000000000000000000e-01
-2.995976114722500139e+00 5.715130094864612209e-01 -5.000000000000000000e-01
-2.897747389649631522e+00 5.527748780278888274e-01 -5.000000000000000000e-01
-2.897747389649631522e+00 5.527748780278888274e-01 5.000000000000000000e-01
-2.995976114722500139e+00 5.715130094864612209e-01 5.000000000000000000e-01
-3.025949839009157039e+00 3.822663623711288206e-01 -5.000000000000000000e-01
-2.926738368877709551e+00 3.697330390146983947e-01 -5.000000000000000000e-01
-2.926738368877709551e+00 3.697330390146983947e-01 5.000000000000000000e-01
-3.025949839009157039e+00 3.822663623711288206e-01 5.000000000000000000e-01
-3.043981521706228044e+00 1.915110845644064086e-01 -5.000000000000000000e-01
-2.944178848863401310e+00 1.852320326114750837e-01 -5.000000000000000000e-01
-2.944178848863401310e+00 1.852320326114750837e-01 5.000000000000000000e-01
-3.043981521706228044e+00 1.915110845644064086e-01 5.000000000000000000e-01
-3.049999999999999822e+00 1.727989363782633615e-15 -5.000000000000000000e-01
-2.950000000000000178e+00 1.671333974806154154e-15 -5.000000000000000000e-01
-2.950000000000000178e+00 1.671333974806154154e-15 5.000000000000000000e-01
-3.049999999999999822e+00 1.727989363782633615e-15 5.000000000000000000e-01
-3.043981521706228044e+00 -1.915110845644043269e-01 -5.000000000000000000e-01
-2.944178848863401310e+00 -1.852320326114730853e-01 -5.000000000000000000e-01
-2.944178848863401310e+00 -1.852320326114730853e-01 5.000000000000000000e-01
-3.043981521706228044e+00 -1.915110845644043269e-01 5.000000000000000000e-01
-3.025949839009157483e+00 -3.822663623711267111e-01 -5.000000000000000000e-01
-2.926738368877709995e+00 -3.697330390146963408e-01 -5.000000000000000000e-01
-2.926738368877709995e+00 -3.697330390146963408e-01 5.000000000000000000e-01
-3.025949839009157483e+00 -3.822663623711267111e-01 5.000000000000000000e-01
-2.995976114722500583e+00 -5.715130094864591115e-01 -5.000000000000000000e-01
-2.897747389649631966e+00 -5.527748780278868290e-01 -5.000000000000000000e-01
-2.897747389649631966e+00 -5.527748780278868290e-01 5.000000000000000000e-01
-2.995976114722500583e+00 -5.715130094864591115e-01 5.000000000000000000e-01
-2.954178641442324782e+00 -7.585041558528063943e-01 -5.000000000000000000e-01
-2.857320325329462118e+00 -7.336351671363210425e-01 -5.000000000000000000e-01
-2.857320325329462118e+00 -7.336351671363210425e-01 5.000000000000000000e-01
-2.954178641442324782e+00 -7.585041558528063943e-01 5.000000000000000000e-01
-2.900722374700218875e+00 -9.425018328435880166e-01 -5.000000000000000000e-01
-2.805616723070703866e+00 -9.116001334060933603e-01 -5.000000000000000000e-01
-2.805616723070703866e+00 -9.116001334060933603e-01 5.000000000000000000e-01
-2.900722374700218875e+00 -9.425018328435880166e-01 5.000000000000000000e-01
-2.835818281959167297e+00 -1.122779885688266255e+00 -5.000000000000000000e-01
-2.742840633370342118e+00 -1.085967430419798596e+00 -5.000000000000000000e-01
-2.742840633370342118e+00 -1.085967430419798596e+00 5.000000000000000000e-01
-2.835818281959167297e+00 -1.122779885688266255e+00 5.000000000000000000e-01
-2.759722510021359820e+00 -1.298626839273470335e+00 -5.000000000000000000e-01
-2.669239804774758085e+00 -1.256048910116963180e+00 -5.000000000000000000e-01
-2.669239804774758085e+00 -1.256048910116963180e+00 5.000000000000000000e-01
-2.759722510021359820e+00 -1.298626839273470335e+00 5.000000000000000000e-01
-2.672735374133784259e+00 -1.469348706010230599e+00 -5.000000000000000000e-01
-2.585104706129397911e+00 -1.421173338600059344e+00 -5.000000000000000000e-01
-2.585104706129397911e+00 -1.421173338600059344e+00 5.000000000000000000e-01
-2.672735374133784259e+00 -1.469348706010230599e+00 5.000000000000000000e-01
-2.575200172781145991e+00 -1.634271724685939065e+00 -5.000000000000000000e-01
-2.490767380230944905e+00 -1.580689045188039543e+00 -5.000000000000000000e-01
-2.490767380230944905e+00 -1.580689045188039543e+00 5.000000000000000000e-01
-2.575200172781145991e+00 -1.634271724685939065e+00 5.000000000000000000e-01
-2.467501832843590037e+00 -1.792745019492042680e+00 -5.000000000000000000e-01
-2.386600133406095559e+00 -1.733966494262795477e+00 -5.000000000000000000e-01
-2.386600133406095559e+00 -1.733966494262795477e+00 5.000000000000000000e-01
-2.467501832843590037e+00 -1.792745019492042680e+00 5.000000000000000000e-01
-2.350065390466157922e+00 -1.944143168733502236e+00 -5.000000000000000000e-01
-2.273014066188579374e+00 -1.880400769758633572e+00 -5.000000000000000000e-01
-2.273014066188579374e+00 -1.880400769758633572e+00 5.000000000000000000e-01
-2.350065390466157922e+00 -1.944143168733502236e+00 5.000000000000000000e-01
-2.223354313635305779e+00 -2.087868673082499349e+00 -5.000000000000000000e-01
-2.150457450893164868e+00 -2.019413962489630787e+00 -5.000000000000000000e-01
-2.150457450893164868e+00 -2.019413962489630787e+00 5.000000000000000000e-01
-2.223354313635305779e+00 -2.087868673082499349e+00 5.000000000000000000e-01
-2.087868673082501125e+00 -2.223354313635304447e+00 -5.000000000000000000e-01
-2.019413962489632564e+00 -2.150457450893163536e+00 -5.000000000000000000e-01
-2.019413962489632564e+00 -2.150457450893163536e+00 5.000000000000000000e-01
-2.087868673082501125e+00 -2.223354313635304447e+00 5.000000000000000000e-01
-1.944143168733502902e+00 -2.350065390466157478e+00 -5.000000000000000000e-01
-1.880400769758634238e+00 -2.273014066188578930e+00 -5.000000000000000000e-01
-1.880400769758634238e+00 -2.273014066188578930e+00 5.000000000000000000e-01
-1.944143168733502902e+00 -2.350065390466157478e+00 5.000000000000000000e-01
-1.792745019492043346e+00 -2.467501832843589149e+00 -5.000000000000000000e-01
-1.733966494262796143e+00 -2.386600133406094670e+00 -5.000000000000000000e-01
-1.733966494262796143e+00 -2.386600133406094670e+00 5.000000000000000000e-01
-1.792745019492043346e+00 -2.467501832843589149e+00 5.000000000000000000e-01
-1.634271724685941063e+00 -2.575200172781145103e+00 -5.000000000000000000e-01
-1.580689045188041542e+00 -2.490767380230944017e+00 -5.000000000000000000e-01
-1.580689045188041542e+00 -2.490767380230944017e+00 5.000000000000000000e-01
-1.634271724685941063e+00 -2.575200172781145103e+00 5.000000000000000000e-01
-1.469348706010233929e+00 -2.672735374133782482e+00 -5.000000000000000000e-01
-1.421173338600062452e+00 -2.585104706129396579e+00 -5.000000000000000000e-01
-1.421173338600062452e+00 -2.585104706129396579e+00 5.000000000000000000e-01
-1.469348706010233929e+00 -2.672735374133782482e+00 5.000000000000000000e-01
-1.298626839273472333e+00 -2.759722510021358932e+00 -5.000000000000000000e-01
-1.256048910116965178e+00 -2.669239804774757197e+00 -5.000000000000000000e-01
-1.256048910116965178e+00 -2.669239804774757197e+00 5.000000000000000000e-01
-1.298626839273472333e+00 -2.759722510021358932e+00 5.000000000000000000e-01
-1.122779885688267143e+00 -2.835818281959166853e+00 -5.000000000000000000e-01
-1.085967430419799706e+00 -2.742840633370342118e+00 -5.000000000000000000e-01
-1.085967430419799706e+00 -2.742840633370342118e+00 5.000000000000000000e-01
-1.122779885688267143e+00 -2.835818281959166853e+00 5.000000000000000000e-01
-9.425018328435900150e-01 -2.900722374700217987e+00 -5.000000000000000000e-01
-9.116001334060953587e-01 -2.805616723070702978e+00 -5.000000000000000000e-01
-9.116001334060953587e-01 -2.805616723070702978e+00 5.000000000000000000e-01
-9.425018328435900150e-01 -2.900722374700217987e+00 5.000000000000000000e-01
-7.585041558528086147e-01 -2.954178641442324338e+00 -5.000000000000000000e-01
-7.336351671363231519e-01 -2.857320325329461674e+00 -5.000000000000000000e-01
-7.336351671363231519e-01 -2.857320325329461674e+00 5.000000000000000000e-01
-7.585041558528086147e-01 -2.954178641442324338e+00 5.000000000000000000e-01
-5.715130094864626642e-01 -2.995976114722499695e+00 -5.000000000000000000e-01
-5.527748780278902707e-01 -2.897747389649631078e+00 -5.000000000000000000e-01
-5.527748780278902707e-01 -2.897747389649631078e+00 5.000000000000000000e-01
-5.715130094864626642e-01 -2.995976114722499695e+00 5.000000000000000000e-01
-3.822663623711289871e-01 -3.025949839009157039e+00 -5.000000000000000000e-01
-3.697330390146985613e-01 -2.926738368877709551e+00 -5.000000000000000000e-01
-3.697330390146985613e-01 -2.926738368877709551e+00 5.000000000000000000e-01
-3.822663623711289871e-01 -3.025949839009157039e+00 5.000000000000000000e-01
-1.915110845644052706e-01 -3.043981521706228044e+00 -5.000000000000000000e-01
-1.852320326114739735e-01 -2.944178848863401310e+00 -5.000000000000000000e-01
-1.852320326114739735e-01 -2.944178848863401310e+00 5.000000000000000000e-01
-1.915110845644052706e-01 -3.043981521706228044e+00 5.000000000000000000e-01
-5.602759106099139733e-16 -3.049999999999999822e+00 -5.000000000000000000e-01
-5.419062086227038392e-16 -2.950000000000000178e+00 -5.000000000000000000e-01
-5.419062086227038392e-16 -2.950000000000000178e+00 5.000000000000000000e-01
-5.602759106099139733e-16 -3.049999999999999822e+00 5.000000000000000000e-01
1.915110845644041326e-01 -3.043981521706228044e+00 -5.000000000000000000e-01
1.852320326114728632e-01 -2.944178848863401310e+00 -5.000000000000000000e-01
1.852320326114728632e-01 -2.944178848863401310e+00 5.000000000000000000e-01
1.915110845644041326e-01 -3.043981521706228044e+00 5.000000000000000000e-01
3.822663623711278769e-01 -3.025949839009157483e+00 -5.000000000000000000e-01
3.697330390146975065e-01 -2.926738368877709995e+00 -5.000000000000000000e-01
3.697330390146975065e-01 -2.926738368877709995e+00 5.000000000000000000e-01
3.822663623711278769e-01 -3.025949839009157483e+00 5.000000000000000000e-01
5.715130094864590005e-01 -2.995976114722500583e+00 -5.000000000000000000e-01
5.527748780278866070e-01 -2.897747389649631966e+00 -5.000000000000000000e-01
5.527748780278866070e-01 -2.897747389649631966e+00 5.000000000000000000e-01
5.715130094864590005e-01 -2.995976114722500583e+00 5.000000000000000000e-01
7.585041558528075045e-01 -2.954178641442324782e+00 -5.000000000000000000e-01
7.336351671363221527e-01 -2.857320325329461674e+00 -5.000000000000000000e-01
7.336351671363221527e-01 -2.857320325329461674e+00 5.000000000000000000e-01
7.585041558528075045e-01 -2.954178641442324782e+00 5.000000000000000000e-01
9.425018328435890158e-01 -2.900722374700218431e+00 -5.000000000000000000e-01
9.116001334060943595e-01 -2.805616723070703422e+00 -5.000000000000000000e-01
9.116001334060943595e-01 -2.805616723070703422e+00 5.000000000000000000e-01
9.425018328435890158e-01 -2.900722374700218431e+00 5.000000000000000000e-01
1.122779885688266033e+00 -2.835818281959167297e+00 -5.000000000000000000e-01
1.085967430419798374e+00 -2.742840633370342118e+00 -5.000000000000000000e-01
1.085967430419798374e+00 -2.742840633370342118e+00 5.000000000000000000e-01
1.122779885688266033e+00 -2.835818281959167297e+00 5.000000000000000000e-01
1.298626839273471445e+00 -2.759722510021359376e+00 -5.000000000000000000e-01
1.256048910116964290e+00 -2.669239804774758085e+00 -5.000000000000000000e-01
1.256048910116964290e+00 -2.669239804774758085e+00 5.000000000000000000e-01
1.298626839273471445e+00 -2.759722510021359376e+00 5.000000000000000000e-01
1.469348706010230377e+00 -2.672735374133784259e+00 -5.000000000000000000e-01
1.421173338600059122e+00 -2.585104706129398355e+00 -5.000000000000000000e-01
1.421173338600059122e+00 -2.585104706129398355e+00 5.000000000000000000e-01
1.469348706010230377e+00 -2.672735374133784259e+00 5.000000000000000000e-01
1.634271724685939953e+00 -2.575200172781145547e+00 -5.000000000000000000e-01
1.580689045188040653e+00 -2.490767380230944461e+00 -5.000000000000000000e-01
1.580689045188040653e+00 -2.490767380230944461e+00 5.000000000000000000e-01
1.634271724685939953e+00 -2.575200172781145547e+00 5.000000000000000000e-01
1.792745019492042235e+00 -2.467501832843590037e+00 -5.000000000000000000e-01
1.733966494262795255e+00 -2.386600133406095559e+00 -5.000000000000000000e-01
1.733966494262795255e+00 -2.386600133406095559e+00 5.000000000000000000e-01
1.792745019492042235e+00 -2.467501832843590037e+00 5.000000000000000000e-01
1.944143168733502236e+00 -2.350065390466157922e+00 -5.000000000000000000e-01
1.880400769758633572e+00 -2.273014066188579374e+00 -5.000000000000000000e-01
1.880400769758633572e+00 -2.273014066188579374e+00 5.000000000000000000e-01
1.944143168733502236e+00 -2.350065390466157922e+00 5.000000000000000000e-01
2.087868673082500237e+00 -2.223354313635304891e+00 -5.000000000000000000e-01
2.019413962489631675e+00 -2.150457450893164424e+00 -5.000000000000000000e-01
2.019413962489631675e+00 -2.150457450893164424e+00 5.000000000000000000e-01
2.087868673082500237e+00 -2.223354313635304891e+00 5.000000000000000000e-01
2.223354313635304003e+00 -2.087868673082501125e+00 -5.000000000000000000e-01
2.150457450893163092e+00 -2.019413962489632564e+00 -5.000000000000000000e-01
2.150457450893163092e+00 -2.019413962489632564e+00 5.000000000000000000e-01
2.223354313635304003e+00 -2.087868673082501125e+00 5.000000000000000000e-01
2.350065390466157478e+00 -1.944143168733503346e+00 -5.000000000000000000e-01
2.273014066188578930e+00 -1.880400769758634461e+00 -5.000000000000000000e-01
2.273014066188578930e+00 -1.880400769758634461e+00 5.000000000000000000e-01
2.350065390466157478e+00 -1.944143168733503346e+00 5.000000000000000000e-01
2.467501832843589149e+00 -1.792745019492043568e+00 -5.000000000000000000e-01
2.386600133406094670e+00 -1.733966494262796587e+00 -5.000000000000000000e-01
2.386600133406094670e+00 -1.733966494262796587e+00 5.000000000000000000e-01
2.467501832843589149e+00 -1.792745019492043568e+00 5.000000000000000000e-01
2.575200172781144659e+00 -1.634271724685941063e+00 -5.000000000000000000e-01
2.490767380230943573e+00 -1.580689045188041542e+00 -5.000000000000000000e-01
2.490767380230943573e+00 -1.580689045188041542e+00 5.000000000000000000e-01
2.575200172781144659e+00 -1.634271724685941063e+00 5.000000000000000000e-01
2.672735374133783814e+00 -1.469348706010231709e+00 -5.000000000000000000e-01
2.585104706129397911e+00 -1.421173338600060232e+00 -5.000000000000000000e-01
2.585104706129397911e+00 -1.421173338600060232e+00 5.000000000000000000e-01
2.672735374133783814e+00 -1.469348706010231709e+00 5.000000000000000000e-01
2.759722510021358932e+00 -1.298626839273472555e+00 -5.000000000000000000e-01
2.669239804774757197e+00 -1.256048910116965400e+00 -5.000000000000000000e-01
2.669239804774757197e+00 -1.256048910116965400e+00 5.000000000000000000e-01
2.759722510021358932e+00 -1.298626839273472555e+00 5.000000000000000000e-01
2.835818281959166853e+00 -1.122779885688267365e+00 -5.000000000000000000e-01
2.742840633370342118e+00 -1.085967430419799706e+00 -5.000000000000000000e-01
2.742840633370342118e+00 -1.085967430419799706e+00 5.000000000000000000e-01
2.835818281959166853e+00 -1.122779885688267365e+00 5.000000000000000000e-01
2.900722374700217987e+00 -9.425018328435901260e-01 -5.000000000000000000e-01
2.805616723070702978e+00 -9.116001334060955807e-01 -5.000000000000000000e-01
2.805616723070702978e+00 -9.116001334060955807e-01 5.000000000000000000e-01
2.900722374700217987e+00 -9.425018328435901260e-01 5.000000000000000000e-01
2.954178641442324338e+00 -7.585041558528087258e-01 -5.000000000000000000e-01
2.857320325329461674e+00 -7.336351671363233740e-01 -5.000000000000000000e-01
2.857320325329461674e+00 -7.336351671363233740e-01 5.000000000000000000e-01
2.954178641442324338e+00 -7.585041558528087258e-01 5.000000000000000000e-01
2.995976114722500583e+00 -5.715130094864602217e-01 -5.000000000000000000e-01
2.897747389649631966e+00 -5.527748780278878282e-01 -5.000000000000000000e-01
2.897747389649631966e+00 -5.527748780278878282e-01 5.000000000000000000e-01
2.995976114722500583e+00 -5.715130094864602217e-01 5.000000000000000000e-01
3.025949839009157039e+00 -3.822663623711291536e-01 -5.000000000000000000e-01
2.926738368877709551e+00 -3.697330390146987278e-01 -5.000000000000000000e-01
2.926738368877709551e+00 -3.697330390146987278e-01 5.000000000000000000e-01
3.025949839009157039e+00 -3.822663623711291536e-01 5.000000000000000000e-01
3.043981521706228044e+00 -1.915110845644054371e-01 -5.000000000000000000e-01
2.944178848863401310e+00 -1.852320326114741400e-01 -5.000000000000000000e-01
2.944178848863401310e+00 -1.852320326114741400e-01 5.000000000000000000e-01
3.043981521706228044e+00 -1.915110845644054371e-01 5.000000000000000000e-01
3.049999999999999822e+00 -7.470345474798854293e-16 -5.000000000000000000e-01
2.950000000000000178e+00 -7.225416114969384193e-16 -5.000000000000000000e-01
2.950000000000000178e+00 -7.225416114969384193e-16 5.000000000000000000e-01
3.049999999999999822e+00 -7.470345474798854293e-16 5.000000000000000000e-01
1.000000000000000000e+00 0.000000000000000000e+00 5.000000000000000000e-01
