1.500000000000000000e+00 0.000000000000000000e+00 0.000000000000000000e+00
1.495865420080997987e+00 9.408331893809360538e-03 6.393858084225299832e-02
1.483530054321371638e+00 1.866223404851372059e-02 1.268272919547536737e-01
1.463197878050929601e+00 2.761151526980574686e-02 1.876335024396870443e-01
1.435205047345459173e+00 3.611436329666425915e-02 2.453587760019689257e-01
1.400014262386792607e+00 4.404129097109871216e-02 2.990552652456079374e-01
1.358207010122938430e+00 5.127879627187383049e-02 3.478412753017431913e-01
1.310473817438247091e+00 5.773265040704221585e-02 3.909157412340149018e-01
1.257602679662216172e+00 6.333073611473609421e-02 4.275713815026730424e-01
1.200465860053536726e+00 6.802536795675701020e-02 4.572063115079061935e-01
1.140005283368763944e+00 7.179503750857031685e-02 4.793339265183302889e-01
1.077216770295306825e+00 7.464553872532725398e-02 4.935908917072250324e-01
1.013133378994322653e+00 7.661044214341450331e-02 4.997431081003439468e-01
9.488081349307943002e-01 7.775090068663388643e-02 4.976895564745991152e-01
8.852964403136077687e-01 7.815478439569718827e-02 4.874639560909118097e-01
8.236384596580154094e-01 7.793515608967649388e-02 4.692342110248802212e-01
7.648417781315693942e-01 7.722811449487106128e-02 4.432996531865000533e-01
7.098646244539792427e-01 7.619004543887632208e-02 4.100861272984780426e-01
6.595999402791731248e-01 7.499433501228189303e-02 3.701389985376578595e-01
6.148605633666268666e-01 7.382761086823988461e-02 3.241141976538943759e-01
5.763657727029717348e-01 7.288558880166220999e-02 2.727674506052745196e-01
5.447294203953790825e-01 7.236861119046665569e-02 2.169418695587791157e-01
5.204498480281395389e-01 7.247697158623872538e-02 1.575541090118104393e-01
5.039017547205012493e-01 7.340612553995165546e-02 9.557931435068627024e-02
4.953301508709034850e-01 7.534189150650123790e-02 3.203510999035661527e-02
4.948464960911662658e-01 7.845574729657965596e-02 -3.203510999035627527e-02
5.024270827323761290e-01 8.290032698500947317e-02 -9.557931435068593717e-02
5.179136883173860451e-01 8.880522043386492037e-02 -1.575541090118101062e-01
5.410164817742773025e-01 9.627317268328558497e-02 -2.169418695587790047e-01
5.713191302667409710e-01 1.053767734831214664e-01 -2.727674506052742420e-01
6.082860162905635582e-01 1.161557183069093363e-01 -3.241141976538940983e-01
6.512714391818933413e-01 1.286147114686663206e-01 -3.701389985376576375e-01
6.995306418659325010e-01 1.427220696521849519e-01 -4.100861272984778205e-01
7.522324731283818178e-01 1.584090704948797335e-01 -4.432996531864999978e-01
8.084734684321857046e-01 1.755700761057584491e-01 -4.692342110248801101e-01
8.672931087873883005e-01 1.940634458258187756e-01 -4.874639560909118097e-01
9.276899978056389884e-01 2.137132364637437110e-01 -4.976895564745990597e-01
9.886386821548689419e-01 2.343116719776181800e-01 -4.997431081003439468e-01
1.049106830418479852e+00 2.556223484485181108e-01 -4.935908917072251434e-01
1.108072480020620976e+00 2.773841245286081114e-01 -4.793339265183303999e-01
1.164541061484397177e+00 2.993156326631159492e-01 -4.572063115079064155e-01
1.217561913837987841e+00 3.211203325882619475e-01 -4.275713815026732090e-01
1.266244014384569461e+00 3.424920161835079968e-01 -3.909157412340149573e-01
1.309770660132821618e+00 3.631206619698422733e-01 -3.478412753017434689e-01
1.347412856692828065e+00 3.826985286301839984e-01 -2.990552652456081040e-01
1.378541193049457547e+00 4.009263700830649757e-01 -2.453587760019693143e-01
1.402636006934436130e+00 4.175196500277063572e-01 -1.876335024396872941e-01
1.419295675069468521e+00 4.322146316166933233e-01 -1.268272919547541733e-01
1.428242894831885934e+00 4.447742180762714326e-01 -6.393858084225331750e-02
1.429328858341870179e+00 4.549934227119399877e-01 -1.224646799147353207e-16
1.426438937310487987e+00 4.639740920833033133e-01 -1.224646799147353207e-16
1.419596971954264486e+00 4.716421407395733345e-01 -6.393858084225331750e-02
1.405004160703628324e+00 4.766266982240356387e-01 -1.268272919547537569e-01
1.382900932342384426e+00 4.788480316705933104e-01 -1.876335024396872941e-01
1.353650822424246059e+00 4.782752618653483556e-01 -2.453587760019689257e-01
1.317733892444033827e+00 4.749283723901223664e-01 -2.990552652456081040e-01
1.275738220816035051e+00 4.688792906957207074e-01 -3.478412753017431358e-01
1.228349616975774383e+00 4.602520000930603872e-01 -3.909157412340149573e-01
1.176339739430927844e+00 4.492216596136007767e-01 -4.275713815026729869e-01
1.120552824903945810e+00 4.360127273824885852e-01 -4.572063115079062490e-01
1.061891258395170068e+00 4.208961022193883905e-01 -4.793339265183303999e-01
1.001300232676613611e+00 4.041853172726652677e-01 -4.935908917072250879e-01
9.397517600992359998e-01 3.862318382374125281e-01 -4.997431081003439468e-01
8.782283094316589711e-01 3.674195367440953319e-01 -4.976895564745991152e-01
8.177063455958270000e-01 3.481584264788100125e-01 -4.874639560909118097e-01
7.591400505563657974e-01 3.288777651709355876e-01 -4.692342110248802767e-01
7.034454992683976116e-01 3.100186394443538163e-01 -4.432996531864999978e-01
6.514855555881027271e-01 2.920261613883722851e-01 -4.100861272984778205e-01
6.040557395754470038e-01 2.753414153123043273e-01 -3.701389985376578040e-01
5.618712999196987523e-01 2.603933002912822703e-01 -3.241141976538942648e-01
5.255557036175714236e-01 2.475904186221634384e-01 -2.727674506052744086e-01
4.956307299187441839e-01 2.373131620667834618e-01 -2.169418695587790047e-01
4.725083273706611742e-01 2.299061466951373423e-01 -1.575541090118103005e-01
4.564843620411000447e-01 2.256711432352779545e-01 -9.557931435068614534e-02
4.477343522123783948e-01 2.248606431248725557e-01 -3.203510999035649731e-02
4.463112505969694110e-01 2.276721910294240425e-01 3.203510999035639323e-02
4.521453000150003065e-01 2.342436025840038682e-01 9.557931435068604820e-02
4.650459531059649154e-01 2.446491717185866888e-01 1.575541090118102172e-01
4.847058116279017170e-01 2.588969553781188537e-01 2.169418695587791157e-01
5.107065068262288676e-01 2.769272050265370599e-01 2.727674506052743530e-01
5.425264098110731403e-01 2.986119943464186077e-01 3.241141976538942093e-01
5.795500304167077177e-01 3.237560713627097853e-01 3.701389985376577485e-01
6.210789351414947035e-01 3.520989412064085555e-01 4.100861272984778760e-01
6.663439899460450455e-01 3.833181632882515788e-01 4.432996531865000533e-01
7.145187123306436794e-01 4.170338241820547576e-01 4.692342110248801657e-01
7.647334995678667369e-01 4.528141254362177959e-01 4.874639560909118097e-01
8.160904865126632490e-01 4.901820042514404285e-01 4.976895564745990597e-01
8.676787772577976288e-01 5.286226848842907611e-01 4.997431081003439468e-01
9.185897901798052434e-01 5.675920401436812535e-01 4.935908917072250879e-01
9.679324556847525018e-01 6.065256257996332057e-01 4.793339265183303444e-01
1.014848010191348404e+00 6.448482364482275297e-01 4.572063115079063600e-01
1.058524138481770960e+00 6.819838196627870941e-01 4.275713815026731535e-01
1.098208229333312191e+00 7.173655763547516218e-01 3.909157412340149018e-01
1.133219526070782024e+00 7.504460693654783077e-01 3.478412753017433579e-01
1.162959974037733879e+00 7.807071595566346112e-01 2.990552652456080485e-01
1.186923590600437173e+00 8.076695891503963276e-01 2.453587760019692032e-01
1.204704209744293042e+00 8.309020358216822055e-01 1.876335024396871831e-01
1.216001482123993505e+00 8.500294680343174480e-01 1.268272919547540623e-01
1.220625042074167554e+00 8.647406422532487591e-01 6.393858084225319260e-02
1.218496785035829033e+00 8.747945958094098806e-01 0.000000000000000000e+00
1.212970722500632537e+00 8.824409478012075203e-01 0.000000000000000000e+00
1.204092441363839194e+00 8.876166201427249103e-01 6.393858084225299832e-02
1.188673468226492114e+00 8.878429404961530880e-01 1.268272919547536737e-01
1.166967103730609079e+00 8.831184546360876242e-01 1.876335024396870443e-01
1.139328606825620316e+00 8.735262450728060735e-01 2.453587760019689257e-01
1.106208315207715120e+00 8.592338061099227264e-01 2.990552652456079374e-01
1.068143219193324889e+00 8.404914399239918898e-01 3.478412753017431913e-01
1.025747145607977640e+00 8.176291814699865323e-01 3.909157412340149018e-01
9.796997307777158825e-01 7.910522862267018729e-01 4.275713815026730424e-01
9.307343809547966584e-01 7.612353407116757564e-01 4.572063115079061935e-01
8.796254341839079283e-01 7.287150808486978493e-01 4.793339265183302889e-01
8.271747494753243224e-01 6.940820272039035510e-01 4.935908917072250324e-01
7.741979570211643402e-01 6.579710683777204583e-01 4.997431081003439468e-01
7.215106069647816422e-01 6.210511440338448708e-01 4.976895564745991152e-01
6.699144538780645863e-01 5.840141967804701739e-01 4.874639560909118097e-01
6.201841096559213007e-01 5.475635770509602596e-01 4.692342110248802212e-01
5.730542891114426274e-01 5.124020969657255842e-01 4.432996531865000533e-01
5.292078603276562099e-01 4.792199376513783804e-01 4.100861272984780426e-01
4.892648960358956245e-01 4.486826194619170094e-01 3.701389985376578595e-01
4.537729032503300952e-01 4.214192458654501539e-01 3.241141976538943759e-01
4.231983864513140237e-01 3.980112293685480473e-01 2.727674506052745196e-01
3.979198751829075009e-01 3.789817017539789945e-01 2.169418695587791157e-01
3.782225204584767075e-01 3.647858011777090903e-01 1.575541090118104393e-01
3.642943363311824112e-01 3.558020154442786964e-01 9.557931435068627024e-02
3.562241338853962547e-01 3.523247442561602272e-01 3.203510999035661527e-02
3.540011652571750655e-01 3.545582236729697412e-01 -3.203510999035627527e-02
3.575164656187290180e-01 3.626119337372662454e-01 -9.557931435068593717e-02
3.665658518813014743e-01 3.764975855930042803e-01 -1.575541090118101062e-01
3.808545086880183450e-01 3.961277578533607402e-01 -2.169418695587790047e-01
4.000030655662685786e-01 4.213162239174345070e-01 -2.727674506052742420e-01
4.235550443411448263e-01 4.517799828713183197e-01 -3.241141976538940983e-01
4.509855334925994552e-01 4.871429770412566973e-01 -3.701389985376576375e-01
4.817109264396181589e-01 5.269414497113046325e-01 -4.100861272984778205e-01
5.150995440741072962e-01 5.706308674953890492e-01 -4.432996531864999978e-01
5.504829485083232443e-01 6.175943038792803819e-01 -4.692342110248801101e-01
5.871677451450361129e-01 6.671521540227364211e-01 -4.874639560909118097e-01
6.244476639681243446e-01 7.185730265137892925e-01 -4.976895564745990597e-01
6.616157084564330271e-01 7.710856358418014533e-01 -4.997431081003439468e-01
6.979761617526476503e-01 8.238915003094077205e-01 -4.935908917072251434e-01
7.328562446130981733e-01 8.761782342943350566e-01 -4.793339265183303999e-01
7.656172281009496761e-01 9.271332115045530786e-01 -4.572063115079064155e-01
7.956648157799280918e-01 9.759573673887157463e-01 -4.275713815026732090e-01
8.224586250765542061e-01 1.021878904347955697e+00 -3.909157412340149573e-01
8.455206152110462670e-01 1.064166662956192111e+00 -3.478412753017434689e-01
8.644423293085291560e-01 1.102142926074689999e+00 -2.990552652456081040e-01
8.788908406103245197e-01 1.135195430511188208e+00 -2.453587760019693143e-01
8.886133166937247863e-01 1.162788372621095467e+00 -1.876335024396872941e-01
8.934401408357676155e-01 1.184472209803934639e+00 -1.268272919547541733e-01
8.932865556625745329e-01 1.199892078970279385e+00 -6.393858084225331750e-02
8.881528205418016686e-01 1.208794675436503763e+00 -1.224646799147353207e-16
8.805326205462280509e-01 1.214356745011115901e+00 -1.224646799147353207e-16
8.704888180225699434e-01 1.216532403761113823e+00 -6.393858084225331750e-02
8.557559977312643174e-01 1.211978289162566336e+00 -1.268272919547537569e-01
8.365754880866661525e-01 1.200771368263248595e+00 -1.876335024396872941e-01
8.132594271327895363e-01 1.183100536447284412e+00 -2.453587760019689257e-01
7.861842590078573778e-01 1.159264370661456045e+00 -2.990552652456081040e-01
7.557832171593382720e-01 1.129666997815933716e+00 -3.478412753017431358e-01
7.225379407979724000e-01 1.094812134213728694e+00 -3.909157412340149573e-01
6.869693843743206463e-01 1.055295383749397242e+00 -4.275713815026729869e-01
6.496281901460472241e-01 1.011794913214778102e+00 -4.572063115079062490e-01
6.110847010295894499e-01 9.650606518178683757e-01 -4.793339265183303999e-01
5.719187948055873827e-01 9.159021884487285048e-01 -4.935908917072250879e-01
5.327097213423910294e-01 8.651755638396030346e-01 -4.997431081003439468e-01
4.940261218444588764e-01 8.137691751373721250e-01 -4.976895564745991152e-01
4.564164033091892558e-01 7.625890271608860571e-01 -4.874639560909118097e-01
4.203996325295588643e-01 7.125435774403995337e-01 -4.692342110248802767e-01
3.864571023067266964e-01 6.645284307842529437e-01 -4.432996531864999978e-01
3.550247082814155242e-01 6.194111434135346483e-01 -4.100861272984778205e-01
3.264862582442453753e-01 5.780163965476196042e-01 -3.701389985376578040e-01
3.011678172705620216e-01 5.411117946880508178e-01 -3.241141976538942648e-01
2.793331719039294225e-01 5.093945347886532637e-01 -2.727674506052744086e-01
2.611804752687606479e-01 4.834791791466380162e-01 -2.169418695587790047e-01
2.468401128289171853e-01 4.638867474087111087e-01 -1.575541090118103005e-01
2.363738059382084200e-01 4.510353218357444072e-01 -9.557931435068614534e-02
2.297749477660664674e-01 4.452323352550563440e-01 -3.203510999035649731e-02
2.269701440378562585e-01 4.466686833582629856e-01 3.203510999035639323e-02
2.278219097025748485e-01 4.554147726377122951e-01 9.557931435068604820e-02
2.321324525098716340e-01 4.714185828057460004e-01 1.575541090118102172e-01
2.396484558958914823e-01 4.945057885572600176e-01 2.169418695587791157e-01
2.500667568634855620e-01 5.243819505954004923e-01 2.727674506052743530e-01
2.630407999788993978e-01 5.606367505403999640e-01 3.241141976538942093e-01
2.781877364334083835e-01 6.027502092892871310e-01 3.701389985376577485e-01
2.950960275270117505e-01 6.501007941949802360e-01 4.100861272984778760e-01
3.133334050648703961e-01 7.019752876806615305e-01 4.432996531865000533e-01
3.324550371063652587e-01 7.575802591707070377e-01 4.692342110248801657e-01
3.520117463090410848e-01 8.160549540419091974e-01 4.874639560909118097e-01
3.715581297496141078e-01 8.764853881756407006e-01 4.976895564745990597e-01
3.906604335135623329e-01 9.379194150697907073e-01 4.997431081003439468e-01
4.089040424048612787e-01 9.993825147369791440e-01 4.935908917072250879e-01
4.259004546715978168e-01 1.059894040095555212e+00 4.793339265183303444e-01
4.412936234605454033e-01 1.118483647503525580e+00 4.572063115079063600e-01
4.547655605535170231e-01 1.174207633668281847e+00 4.275713815026731535e-01
4.660411135147476402e-01 1.226164901482719838e+00 3.909157412340149018e-01
4.748918443768915254e-01 1.273512282405826701e+00 3.478412753017433579e-01
4.811389560756811901e-01 1.315478952755702258e+00 2.990552652456080485e-01
4.846552316557132256e-01 1.351379695567071604e+00 2.453587760019692032e-01
4.853659704484335480e-01 1.380626778256487386e+00 1.876335024396871831e-01
4.832489246017471762e-01 1.402740238934389483e+00 1.268272919547540623e-01
4.783332581565907793e-01 1.417356400431601049e+00 6.393858084225319260e-02
4.706975689681181518e-01 1.424234460532219915e+00 0.000000000000000000e+00
4.617306315249418702e-01 1.427166712024764861e+00 0.000000000000000000e+00
4.515064179971974845e-01 1.426128965490311096e+00 6.393858084225299832e-02
4.389047664413227023e-01 1.417241089952426369e+00 1.268272919547536737e-01
4.241313632111867737e-01 1.400650924694964106e+00 1.876335024396870443e-01
4.074246105037564458e-01 1.376634650848970631e+00 2.453587760019689257e-01
3.890501367248203057e-01 1.345592643154396306e+00 2.990552652456079374e-01
3.692949263024998263e-01 1.308043215915061230e+00 3.478412753017431913e-01
3.484611909765131244e-01 1.264614361573291657e+00 3.909157412340149018e-01
3.268601073712790184e-01 1.216033614765503534e+00 4.275713815026730424e-01
3.048055459770213638e-01 1.163116206997985014e+00 4.572063115079061935e-01
2.826079145405523962e-01 1.106751706643632316e+00 4.793339265183302889e-01
2.605682343785117872e-01 1.047889365290969543e+00 4.935908917072250324e-01
2.389725613876443888e-01 9.875224141161008662e-01 4.997431081003439468e-01
2.180868546984604528e-01 9.266715724981359203e-01 4.976895564745991152e-01
1.981523851985158013e-01 8.663680452302140456e-01 4.874639560909118097e-01
1.793817637723235103e-01 8.076362941377022153e-01 4.692342110248802212e-01
1.619556553292211543e-01 7.514768745282692786e-01 4.432996531865000533e-01
1.460202298055552905e-01 6.988496265740576918e-01 4.100861272984780426e-01
1.316853856393029876e-01 6.506575064573152378e-01 3.701389985376578595e-01
1.190237650423896787e-01 6.077313319758758103e-01 3.241141976538943759e-01
1.080705640636313442e-01 5.708157024657146694e-01 2.727674506052745196e-01
9.882412426858462606e-02 5.405563335975909212e-01 2.169418695587791157e-01
9.124727718056543924e-02 5.174890241637584154e-01 1.575541090118104393e-01
8.526939773619564289e-02 5.020304447808856541e-01 9.557931435068627024e-02
8.078910919727136375e-02 4.944709079538257002e-01 3.203510999035661527e-02
7.767756949291564073e-02 4.949692456862777035e-01 -3.203510999035627527e-02
7.578225807752025922e-02 5.035498853518481921e-01 -9.557931435068593717e-02
7.493117328331011517e-02 5.201021774547885945e-01 -1.575541090118101062e-01
7.493734298696139162e-02 5.443819908446431155e-01 -2.169418695587790047e-01
7.560354632310525846e-02 5.760155525520369579e-01 -2.727674506052742420e-01
7.672714124712426420e-02 6.145054713394191293e-01 -3.241141976538940983e-01
7.810489201524202507e-02 6.592388469617899149e-01 -3.701389985376576375e-01
7.953769210728445227e-02 7.094973316436175015e-01 -4.100861272984778205e-01
8.083508171870668058e-02 7.644689770078466617e-01 -4.432996531864999978e-01
8.181946460304005686e-02 8.232616692125427349e-01 -4.692342110248801101e-01
8.232993662280062297e-02 8.849179278845968888e-01 -4.874639560909118097e-01
8.222564769735823953e-02 9.484308210561190888e-01 -4.976895564745990597e-01
8.138862971735419394e-02 1.012760729111567670e+00 -4.997431081003439468e-01
7.972603519395635163e-02 1.076852676074725235e+00 -4.935908917072251434e-01
7.717174466931225885e-02 1.139653936659829281e+00 -4.793339265183303999e-01
7.368731495365676842e-02 1.200131622554230004e+00 -4.572063115079064155e-01
6.926225478189471096e-02 1.257289951480145884e+00 -4.275713815026732090e-01
6.391362919674334342e-02 1.310186907703284609e+00 -3.909157412340149573e-01
5.768500856280787958e-02 1.357950012732903389e+00 -3.478412753017434689e-01
5.064479229583365022e-02 1.399790939822853408e+00 -2.990552652456081040e-01
4.288395086293398523e-02 1.435018725285698071e+00 -2.453587760019693143e-01
3.451324209712521018e-02 1.463051353243686625e+00 -1.876335024396872941e-01
2.565996911803529110e-02 1.483425517860372356e+00 -1.268272919547541733e-01
1.646435693095976358e-02 1.495804397858882639e+00 -6.393858084225331750e-02
7.075632889548335268e-03 1.499983311713571021e+00 -1.224646799147353207e-16
-2.358552071376621064e-03 1.499998145742896138e+00 -1.224646799147353207e-16
-1.176037125352027285e-02 1.495848777574492638e+00 -6.393858084225331750e-02
-2.099486623383967424e-02 1.483498876523429155e+00 -1.268272919547537569e-01
-2.991216672798096068e-02 1.463152653823200922e+00 -1.876335024396872941e-01
-3.837098921129912521e-02 1.435146488115116137e+00 -2.453587760019689257e-01
-4.624257422085380209e-02 1.399943282610500717e+00 -2.990552652456081040e-01
-5.341433418721480003e-02 1.358124702005497397e+00 -3.478412753017431358e-01
-5.979312619732662232e-02 1.310381420493187843e+00 -3.909157412340149573e-01
-6.530807209714854789e-02 1.257501545823850986e+00 -4.275713815026729869e-01
-6.991285802630650692e-02 1.200357415156970031e+00 -4.572063115079062490e-01
-7.358745663924465275e-02 1.139890985903879717e+00 -4.793339265183303999e-01
-7.633922768058142017e-02 1.077098068410754284e+00 -4.935908917072250879e-01
-7.820336599284870294e-02 1.013011666776474806e+00 -4.997431081003439468e-01
-7.924268016784725976e-02 9.486847090094008284e-01 -4.976895564745991152e-01
-7.954669961837702863e-02 8.851724578497157658e-01 -4.874639560909118097e-01
-7.923012254519312680e-02 8.235148987504867790e-01 -4.692342110248802767e-01
-7.843063180107624766e-02 7.647194016364287084e-01 -4.432996531864999978e-01
-7.730611970852296899e-02 7.097439481466384370e-01 -4.100861272984778205e-01
-7.603137617671318349e-02 6.594812062044665968e-01 -3.701389985376578040e-01
-7.479430670821603233e-02 6.147437191172230309e-01 -3.241141976538942648e-01
-7.379175782730111599e-02 5.762504572451250251e-01 -2.727674506052744086e-01
-7.322503686566789183e-02 5.446149569245635202e-01 -2.169418695587790047e-01
-7.329522070368867104e-02 5.203352441886129887e-01 -1.575541090118103005e-01
-7.419835381564275634e-02 5.037857103652664259e-01 -9.557931435068614534e-02
-7.612063967324414482e-02 4.952110733750867411e-01 -3.203510999035649731e-02
-7.923373113074134999e-02 4.947225230658806594e-01 3.203510999035639323e-02
-8.369022479712542872e-02 5.022961118210990117e-01 9.557931435068604820e-02
-8.961946159030784176e-02 5.177734135962266393e-01 1.575541090118102172e-01
-9.712373070230102823e-02 5.408644361246074395e-01 2.169418695587791157e-01
-1.062749671647728184e-01 5.711527329467881442e-01 2.727674506052743530e-01
-1.171120242143398743e-01 6.081026248047757266e-01 3.241141976538942093e-01
-1.296385908801119813e-01 6.510684044360022238e-01 3.701389985376577485e-01
-1.438218128528201967e-01 6.993053655041516770e-01 4.100861272984778760e-01
-1.595916609792193130e-01 7.519824658792169103e-01 4.432996531865000533e-01
-1.768410769201336774e-01 8.081964082426236207e-01 4.692342110248801657e-01
-1.954269099022843126e-01 8.669868975030290414e-01 4.874639560909118097e-01
-2.151716423881657736e-01 9.273528151574318423e-01 4.976895564745990597e-01
-2.358658862026563330e-01 9.882690358418089183e-01 4.997431081003439468e-01
-2.572716145141337174e-01 1.048703601129669094e+00 4.935908917072250879e-01
-2.791260793962778708e-01 1.107634960318793382e+00 4.793339265183303444e-01
-3.011463498128685856e-01 1.164068987575098024e+00 4.572063115079063600e-01
-3.230343910777645489e-01 1.217055489372377952e+00 4.275713815026731535e-01
-3.444825944333354539e-01 1.265703925587130518e+00 3.909157412340149018e-01
-3.651796546261207865e-01 1.309198081705488459e+00 3.478412753017433579e-01
-3.848166844719753676e-01 1.346809448121311314e+00 2.990552652456080485e-01
-4.030934485935815936e-01 1.377909085122504651e+00 2.453587760019692032e-01
-4.197245939415499838e-01 1.401977778478973757e+00 1.876335024396871831e-01
-4.344457524948798777e-01 1.418614320100290982e+00 1.268272919547540623e-01
-4.470193917511257053e-01 1.427541780509971048e+00 6.393858084225319260e-02
-4.572402912884295789e-01 1.428611674326677239e+00 0.000000000000000000e+00
-4.662164055386565087e-01 1.425707635950167251e+00 0.000000000000000000e+00
-4.738736866281951787e-01 1.418853622057091535e+00 6.393858084225299832e-02
-4.788352926807551979e-01 1.404252991286751406e+00 1.268272919547536737e-01
-4.810218689713401941e-01 1.382146297495151721e+00 1.876335024396870443e-01
-4.804031079359134537e-01 1.352897124340102897e+00 2.453587760019689257e-01
-4.769997479649484284e-01 1.316985501301442429e+00 2.990552652456079374e-01
-4.708846410960437212e-01 1.274999392970065148e+00 3.478412753017431913e-01
-4.621828488316950811e-01 1.227624412986322300e+00 3.909157412340149018e-01
-4.510707433180166648e-01 1.175631943489522824e+00 4.275713815026730424e-01
-4.377741098535332109e-01 1.119865867227712419e+00 4.572063115079061935e-01
-4.225652658043732579e-01 1.061228142133081587e+00 4.793339265183302889e-01
-4.057592301222343600e-01 1.000663466819718295e+00 4.935908917072250324e-01
-3.877089964289007762e-01 9.391432998035805779e-01 4.997431081003439468e-01
-3.687999806828057281e-01 8.776495050513032359e-01 4.976895564745991152e-01
-3.494437314254416060e-01 8.171579015853344119e-01 4.874639560909118097e-01
-3.300710061807837215e-01 7.586219952396290322e-01 4.692342110248802212e-01
-3.111243314344441235e-01 7.029571662863703940e-01 4.432996531865000533e-01
-2.930501754650525204e-01 6.510255776350641899e-01 4.100861272984780426e-01
-2.762908728869892805e-01 6.036220548154024312e-01 3.701389985376578595e-01
-2.612764468793795092e-01 5.614611712452828307e-01 3.241141976538943759e-01
-2.484164795535624137e-01 5.251657506775105899e-01 2.727674506052745196e-01
-2.380921826301642674e-01 4.952569736009046486e-01 2.169418695587791157e-01
-2.306488194879086906e-01 4.721462461903727093e-01 1.575541090118104393e-01
-2.263886256921596174e-01 4.561289596533009139e-01 9.557931435068627024e-02
-2.255643683478005534e-01 4.473802350455673982e-01 3.203510999035661527e-02
-2.283736751372883733e-01 4.459527144012666589e-01 -3.203510999035627527e-02
-2.349542518413700876e-01 4.517764239298565077e-01 -9.557931435068593717e-02
-2.453800926875993049e-01 4.646606996889784402e-01 -1.575541090118101062e-01
-2.596587712677886906e-01 4.842981311481852069e-01 -2.169418695587790047e-01
-2.777298812900725888e-01 5.102704440167592503e-01 -2.727674506052742420e-01
-2.994646764025683527e-01 5.420562111969041696e-01 -3.241141976538940983e-01
-3.246669370945168276e-01 5.790402502917114669e-01 -3.701389985376576375e-01
-3.530750706244106807e-01 6.205245382567349255e-01 -4.100861272984778205e-01
-3.843654274397910187e-01 6.657404489986470386e-01 -4.432996531864999978e-01
-4.181567950494373131e-01 7.138620984031390782e-01 -4.692342110248801101e-01
-4.540160081999830011e-01 7.640205637638531888e-01 -4.874639560909118097e-01
-4.914645929073946928e-01 8.153187311639560342e-01 -4.976895564745990597e-01
-5.299863418009721494e-01 8.668465152391662265e-01 -4.997431081003439468e-01
-5.690356997375486392e-01 9.176961910573909753e-01 -4.935908917072251434e-01
-6.080468220955379532e-01 9.669775776402826928e-01 -4.793339265183303999e-01
-6.464431538896582286e-01 1.013832816902727751e+00 -4.572063115079064155e-01
-6.836473661468378538e-01 1.057450500397494331e+00 -4.275713815026732090e-01
-7.190914770973391157e-01 1.097078909049007844e+00 -3.909157412340149573e-01
-7.522269798592008394e-01 1.132038147796305294e+00 -3.478412753017434689e-01
-7.825347955725668880e-01 1.161730977427664513e+00 -2.990552652456081040e-01
-8.095348714611317886e-01 1.185652169504451736e+00 -2.453587760019693143e-01
-8.327952470905395366e-01 1.203396236711601563e+00 -1.876335024396872941e-01
-8.519404191285044892e-01 1.214663419762693097e+00 -1.268272919547541733e-01
-8.666588450998349291e-01 1.219263842617070770e+00 -6.393858084225331750e-02
-8.767094398242220032e-01 1.217119779694298964e+00 -1.224646799147353207e-16
-8.843470933596586647e-01 1.211581701110710618e+00 -1.224646799147353207e-16
-8.895087993775806501e-01 1.202695292887179912e+00 -6.393858084225331750e-02
-8.897108751505510282e-01 1.187275982951433884e+00 -1.268272919547537569e-01
-8.849522647367973338e-01 1.165577073918945494e+00 -1.876335024396872941e-01
-8.753166091417141637e-01 1.137953693663699362e+00 -2.453587760019689257e-01
-8.609721105584682288e-01 1.104855915962498658e+00 -2.990552652456081040e-01
-8.421699152006133504e-01 1.066820336900818678e+00 -3.478412753017431358e-01
-8.192410227768295305e-01 1.024460263608973909e+00 -3.909157412340149573e-01
-7.925917569033895660e-01 9.784546943620940906e-01 -4.275713815026729869e-01
-7.626978566957184347e-01 9.295362882811442073e-01 -4.572063115079062490e-01
-7.300972749585072918e-01 8.784785385071814945e-01 -4.793339265183303999e-01
-6.953817923453939898e-01 8.260823745435761367e-01 -4.935908917072250879e-01
-6.591875791428268849e-01 7.731624272956376664e-01 -4.997431081003439468e-01
-6.221848565325657221e-01 7.205331940792082390e-01 -4.976895564745991152e-01
-5.850668269207141003e-01 6.689953404866212372e-01 -4.874639560909118097e-01
-5.485380578461679368e-01 6.193223715294845499e-01 -4.692342110248802767e-01
-5.133025158026367496e-01 5.722478960333339248e-01 -4.432996531864999978e-01
-4.800514547835054713e-01 5.284536960183044974e-01 -4.100861272984778205e-01
-4.494513693026256362e-01 4.885587970062743590e-01 -3.701389985376578040e-01
-4.221322229329602660e-01 4.531097161524076933e-01 -3.241141976538942648e-01
-3.986761609790936967e-01 4.225720431659321652e-01 -2.727674506052744086e-01
-3.796069097648736013e-01 3.973234845672801718e-01 -2.169418695587790047e-01
-3.653800552459793294e-01 3.776484753726287447e-01 -1.575541090118103005e-01
-3.563743803863653747e-01 3.637344342805909347e-01 -9.557931435068614534e-02
-3.528844241682867477e-01 3.556697093610673432e-01 -3.203510999035649731e-02
-3.551144054992911303e-01 3.534432316291464260e-01 3.203510999035639323e-02
-3.631736329537876284e-01 3.569458642488170241e-01 9.557931435068604820e-02
-3.770734966102894936e-01 3.659734059694991770e-01 1.575541090118102172e-01
-3.967261116317942760e-01 3.802311792573561666e-01 2.169418695587791157e-01
-4.219446551375995447e-01 3.993401069255013702e-01 2.727674506052743530e-01
-4.524454088119385653e-01 4.228441563449064633e-01 3.241141976538942093e-01
-4.878514900918261010e-01 4.502190079454750360e-01 3.701389985376577485e-01
-5.276982251902597731e-01 4.808817850638728020e-01 4.100861272984778760e-01
-5.714400881622567763e-01 5.142016655797664315e-01 4.432996531865000533e-01
-6.184591022258381088e-01 5.495111824672548329e-01 4.692342110248801657e-01
-6.680745731093606921e-01 5.861180105751986336e-01 4.874639560909118097e-01
-7.195539997885754824e-01 6.233170307770334873e-01 4.976895564745990597e-01
-7.721249860475462024e-01 6.604024601702657149e-01 4.997431081003439468e-01
-8.249879572530117722e-01 6.966798382647139132e-01 4.935908917072250879e-01
-8.773294709303607330e-01 7.314776640175731925e-01 4.793339265183303444e-01
-9.283358974751366732e-01 7.641584870292034148e-01 4.572063115079063600e-01
-9.772072388710479895e-01 7.941292680215501498e-01 4.275713815026731535e-01
-1.023170848793007792e+00 8.208508386390244160e-01 3.909157412340149018e-01
-1.065494817062727639e+00 8.438463083445044699e-01 3.478412753017433579e-01
-1.103500785134707618e+00 8.627082863888112518e-01 2.990552652456080485e-01
-1.136575967090150741e+00 8.771048091279015635e-01 2.453587760019692032e-01
-1.164184162401189049e+00 8.867838869321427175e-01 1.876335024396871831e-01
-1.185875562323141175e+00 8.915766101346683792e-01 1.268272919547540623e-01
-1.201295170935465562e+00 8.913987794417574939e-01 6.393858084225319260e-02
-1.210189684275486011e+00 8.862510525089375424e-01 0.000000000000000000e+00
-1.215739765215437806e+00 8.786221163127594380e-01 0.000000000000000000e+00
-1.217899628721784033e+00 8.685749052686618787e-01 6.393858084225299832e-02
-1.213322354337025955e+00 8.538492639339273493e-01 1.268272919547536737e-01
-1.202085288470881697e+00 8.346863994040606416e-01 1.876335024396870443e-01
-1.184377817069855343e+00 8.113981523241530214e-01 2.453587760019689257e-01
-1.160499108620371089e+00 7.843604968942279321e-01 2.990552652456079374e-01
-1.130853970735458569e+00 7.540060305899621840e-01 3.478412753017431913e-01
-1.095946876409555459e+00 7.208155999992872376e-01 3.909157412340149018e-01
-1.056374247933081545e+00 6.853092224202421701e-01 4.275713815026730424e-01
-1.012815117071836912e+00 6.480364731020091806e-01 4.572063115079061935e-01
-9.660203088957558526e-01 6.095665150912583652e-01 4.793339265183302889e-01
-9.168003230754009358e-01 5.704779524800992485e-01 4.935908917072250324e-01
-8.660121100787893100e-01 5.313486884097354812e-01 4.997431081003439468e-01
-8.145449600678498214e-01 4.927459664943998341e-01 4.976895564745991152e-01
-7.633057390390954877e-01 4.552167684805377701e-01 4.874639560909118097e-01
-7.132037195638114557e-01 4.192787320898768155e-01 4.692342110248802212e-01
-6.651352621126398468e-01 3.854117413082320809e-01 4.432996531865000533e-01
-6.199686072225977229e-01 3.540503271198027768e-01 4.100861272984780426e-01
-5.785290385807186908e-01 3.255770001383581080e-01 3.701389985376578595e-01
-5.415846724339618001e-01 3.003166180793803153e-01 3.241141976538943759e-01
-5.098331196438289359e-01 2.785318709101347046e-01 2.727674506052745196e-01
-4.838892533174685706e-01 2.604199451919636532e-01 2.169418695587791157e-01
-4.642742974714542670e-01 2.461104069929054006e-01 1.575541090118104393e-01
-4.514064308985212270e-01 2.356643202112827240e-01 9.557931435068627024e-02
-4.455930756575787188e-01 2.290745946271405542e-01 3.203510999035661527e-02
-4.470250118014509333e-01 2.262675358982858265e-01 -3.203510999035627527e-02
-4.557724295583500118e-01 2.271055484387518308e-01 -9.557931435068593717e-02
-4.717829977027091504e-01 2.313909220377310394e-01 -1.575541090118101062e-01
-4.948819928380494004e-01 2.388706145480507803e-01 -2.169418695587790047e-01
-5.247744993476841646e-01 2.492419263142655883e-01 -2.727674506052742420e-01
-5.610496544463794422e-01 2.621589475025333238e-01 -3.241141976538940983e-01
-6.031868776947132416e-01 2.772396473759225488e-01 -3.701389985376576375e-01
-6.505639901236219824e-01 2.940734650212398216e-01 -4.100861272984778205e-01
-7.024670953532503592e-01 3.122292542185325925e-01 -4.432996531864999978e-01
-7.581020643492599742e-01 3.312634311419550004e-01 -4.692342110248801101e-01
-8.166074372803826531e-01 3.507281724273784151e-01 -4.874639560909118097e-01
-8.770685308205075081e-01 3.701795128215377151e-01 -4.976895564745990597e-01
-9.385325176237442335e-01 3.891851960708415659e-01 -4.997431081003439468e-01
-1.000024226979699726e+00 4.073321397958906132e-01 -4.935908917072251434e-01
-1.060562402151230099e+00 4.242333846631641259e-01 -4.793339265183303999e-01
-1.119176140859158064e+00 4.395344099969079044e-01 -4.572063115079064155e-01
-1.174921240982940152e+00 4.529187118209266893e-01 -4.275713815026732090e-01
-1.226896173888485153e+00 4.641125548958894842e-01 -3.909157412340149573e-01
-1.274257412888519125e+00 4.728888273081126581e-01 -3.478412753017434689e-01
-1.316233854119221780e+00 4.790699442328797963e-01 -2.990552652456081040e-01
-1.352140081430488028e+00 4.825297662853114122e-01 -2.453587760019693143e-01
-1.381388245508464285e+00 4.831945170211311980e-01 -1.876335024396872941e-01
-1.403498350075093937e+00 4.810427032924848301e-01 -1.268272919547541733e-01
-1.418106764267373920e+00 4.761040609386182343e-01 -6.393858084225331750e-02
-1.424972809751830383e+00 4.684575663472346774e-01 -1.224646799147353207e-16
-1.427890958293689616e+00 4.594860294101756892e-01 -1.224646799147353207e-16
-1.426837136815405582e+00 4.492634602408038802e-01 -6.393858084225331750e-02
-1.417929457830204854e+00 4.366757992742373862e-01 -1.268272919547537569e-01
-1.401316083853837657e+00 4.219285001523150336e-01 -1.876335024396872941e-01
-1.377273570531938995e+00 4.052595305189121144e-01 -2.453587760019689257e-01
-1.346202709775145667e+00 3.869338889150061300e-01 -2.990552652456081040e-01
-1.308622266491697772e+00 3.672377444331080265e-01 -3.478412753017431358e-01
-1.265160707535697426e+00 3.464723210040994150e-01 -3.909157412340149573e-01
-1.216546055928384940e+00 3.249476509155154735e-01 -4.275713815026729869e-01
-1.163594035688212625e+00 3.029763224256107890e-01 -4.572063115079062490e-01
-1.107194702163640354e+00 2.808673441685942684e-01 -4.793339265183303999e-01
-1.048297779086055259e+00 2.589202445161249422e-01 -4.935908917072250879e-01
-9.878969461889083314e-01 2.374195172863683423e-01 -4.997431081003439468e-01
-9.270133397751644244e-01 2.166295163345265118e-01 -4.976895564745991152e-01
-8.666785427298511202e-01 1.967898908164356919e-01 -4.874639560909118097e-01
-8.079173499144866044e-01 1.781116405227456123e-01 -4.692342110248802767e-01
-7.517305994716124706e-01 1.607738568982648164e-01 -4.432996531864999978e-01
-6.990783602197814250e-01 1.449212004766317341e-01 -4.100861272984778205e-01
-6.508637600258260214e-01 1.306621497805205701e-01 -3.701389985376578040e-01
-6.079177298808384755e-01 1.180680405807001537e-01 -3.241141976538942648e-01
-5.709849235414852231e-01 1.071728980982739193e-01 -2.727674506052744086e-01
-5.407110532726402408e-01 9.797404859816008504e-02 -2.169418695587790047e-01
-5.176318587616934863e-01 9.043348117672009301e-02 -1.575541090118103005e-01
-5.021638990616437148e-01 8.447991569831658776e-02 -9.557931435068614534e-02
-4.945973269169244846e-01 8.001151907195828972e-02 -3.203510999035649731e-02
-4.950907715477356197e-01 7.689919964367154803e-02 3.203510999035639323e-02
-5.036684204790550234e-01 7.499039864756795737e-02 9.557931435068604820e-02
-5.202193539019890345e-01 7.411328861022753456e-02 1.575541090118102172e-01
-5.444991469788774685e-01 7.408128150347662033e-02 2.169418695587791157e-01
-5.761337170986061684e-01 7.469774441441900947e-02 2.727674506052743530e-01
-6.146253550106083319e-01 7.576081763102641975e-02 3.241141976538942093e-01
-6.593608416661446148e-01 7.706822936551886716e-02 3.701389985376577485e-01
-7.096215171089542695e-01 7.842200285094107215e-02 4.100861272984778760e-01
-7.645951344927776061e-01 7.963295519987348414e-02 4.432996531865000533e-01
-8.233893018318226842e-01 8.052489311668692418e-02 4.692342110248801657e-01
-8.850462869360663509e-01 8.093841817434706265e-02 4.874639560909118097e-01
-9.485589376141922990e-01 8.073426373399110456e-02 4.976895564745990597e-01
-1.012887450046521032e+00 7.979609649675432903e-02 4.997431081003439468e-01
-1.076976703570541760e+00 7.803272789909594664e-02 4.935908917072250879e-01
-1.139773870237718700e+00 7.537969383650072741e-02 4.793339265183303444e-01
-1.200246002565384495e+00 7.180017524730565592e-02 4.572063115079063600e-01
-1.257397303010586054e+00 6.728524661562002018e-02 4.275713815026731535e-01
-1.310285783836051321e+00 6.185345415850690420e-02 3.909157412340149018e-01
-1.358039036138220412e+00 5.554974004401155852e-02 3.478412753017433579e-01
-1.399868841694506427e+00 4.844374314311380297e-02 2.990552652456080485e-01
-1.435084380710678786e+00 4.062752025969543213e-02 2.453587760019692032e-01
-1.463103812180535312e+00 3.221274423302648848e-02 1.876335024396871831e-01
-1.483464031007712736e+00 2.332744651266027008e-02 1.268272919547540623e-01
-1.495828436817024487e+00 1.411238153756301170e-02 6.393858084225319260e-02
-1.499992582976168887e+00 4.717098311605031138e-03 0.000000000000000000e+00
-1.499992582976168887e+00 -4.717098311603997243e-03 0.000000000000000000e+00
-1.495828436817024487e+00 -1.411238153756198127e-02 6.393858084225299832e-02
-1.483464031007712736e+00 -2.332744651265924660e-02 1.268272919547536737e-01
-1.463103812180535312e+00 -3.221274423302547540e-02 1.876335024396870443e-01
-1.435084380710679008e+00 -4.062752025969444680e-02 2.453587760019689257e-01
-1.399868841694506871e+00 -4.844374314311285235e-02 2.990552652456079374e-01
-1.358039036138220634e+00 -5.554974004401123933e-02 3.478412753017431913e-01
-1.310285783836051543e+00 -6.185345415850600215e-02 3.909157412340149018e-01
-1.257397303010586276e+00 -6.728524661561917364e-02 4.275713815026730424e-01
-1.200246002565384940e+00 -7.180017524730486489e-02 4.572063115079061935e-01
-1.139773870237718922e+00 -7.537969383649995025e-02 4.793339265183302889e-01
-1.076976703570542204e+00 -7.803272789909523888e-02 4.935908917072250324e-01
-1.012887450046521254e+00 -7.979609649675363514e-02 4.997431081003439468e-01
-9.485589376141926321e-01 -8.073426373399048006e-02 4.976895564745991152e-01
-8.850462869360663509e-01 -8.093841817434645203e-02 4.874639560909118097e-01
-8.233893018318229062e-01 -8.052489311668638294e-02 4.692342110248802212e-01
-7.645951344927776061e-01 -7.963295519987295679e-02 4.432996531865000533e-01
-7.096215171089544915e-01 -7.842200285094060030e-02 4.100861272984780426e-01
-6.593608416661448368e-01 -7.706822936551843695e-02 3.701389985376578595e-01
-6.146253550106084429e-01 -7.576081763102628097e-02 3.241141976538943759e-01
-5.761337170986062794e-01 -7.469774441441860702e-02 2.727674506052745196e-01
-5.444991469788775795e-01 -7.408128150347623175e-02 2.169418695587791157e-01
-5.202193539019892565e-01 -7.411328861022720149e-02 1.575541090118104393e-01
-5.036684204790551345e-01 -7.499039864756761042e-02 9.557931435068627024e-02
-4.950907715477356752e-01 -7.689919964367120109e-02 3.203510999035661527e-02
-4.945973269169245401e-01 -8.001151907195794277e-02 -3.203510999035627527e-02
-5.021638990616438258e-01 -8.447991569831624081e-02 -9.557931435068593717e-02
-5.176318587616933753e-01 -9.043348117671973219e-02 -1.575541090118101062e-01
-5.407110532726403518e-01 -9.797404859815972422e-02 -2.169418695587790047e-01
-5.709849235414850011e-01 -1.071728980982734752e-01 -2.727674506052742420e-01
-6.079177298808384755e-01 -1.180680405806997235e-01 -3.241141976538940983e-01
-6.508637600258257994e-01 -1.306621497805200705e-01 -3.701389985376576375e-01
-6.990783602197815361e-01 -1.449212004766312623e-01 -4.100861272984778205e-01
-7.517305994716124706e-01 -1.607738568982642891e-01 -4.432996531864999978e-01
-8.079173499144863824e-01 -1.781116405227449462e-01 -4.692342110248801101e-01
-8.666785427298513422e-01 -1.967898908164350813e-01 -4.874639560909118097e-01
-9.270133397751640913e-01 -2.166295163345257901e-01 -4.976895564745990597e-01
-9.878969461889084425e-01 -2.374195172863676762e-01 -4.997431081003439468e-01
-1.048297779086055037e+00 -2.589202445161241095e-01 -4.935908917072251434e-01
-1.107194702163640576e+00 -2.808673441685934913e-01 -4.793339265183303999e-01
-1.163594035688212402e+00 -3.029763224256099008e-01 -4.572063115079064155e-01
-1.216546055928384718e+00 -3.249476509155145298e-01 -4.275713815026732090e-01
-1.265160707535697648e+00 -3.464723210040985824e-01 -3.909157412340149573e-01
-1.308622266491697772e+00 -3.672377444331070828e-01 -3.478412753017434689e-01
-1.346202709775145889e+00 -3.869338889150052418e-01 -2.990552652456081040e-01
-1.377273570531938995e+00 -4.052595305189110597e-01 -2.453587760019693143e-01
-1.401316083853837879e+00 -4.219285001523140344e-01 -1.876335024396872941e-01
-1.417929457830205076e+00 -4.366757992742363315e-01 -1.268272919547541733e-01
-1.426837136815405804e+00 -4.492634602408028810e-01 -6.393858084225331750e-02
-1.427890958293689838e+00 -4.594860294101746900e-01 -1.224646799147353207e-16
-1.424972809751830827e+00 -4.684575663472336782e-01 -1.224646799147353207e-16
-1.418106764267374365e+00 -4.761040609386173461e-01 -6.393858084225331750e-02
-1.403498350075094603e+00 -4.810427032924838864e-01 -1.268272919547537569e-01
-1.381388245508464729e+00 -4.831945170211302543e-01 -1.876335024396872941e-01
-1.352140081430488694e+00 -4.825297662853106351e-01 -2.453587760019689257e-01
-1.316233854119222002e+00 -4.790699442328788527e-01 -2.990552652456081040e-01
-1.274257412888519791e+00 -4.728888273081118254e-01 -3.478412753017431358e-01
-1.226896173888485375e+00 -4.641125548958892066e-01 -3.909157412340149573e-01
-1.174921240982941040e+00 -4.529187118209259677e-01 -4.275713815026729869e-01
-1.119176140859158952e+00 -4.395344099969072382e-01 -4.572063115079062490e-01
-1.060562402151230543e+00 -4.242333846631634042e-01 -4.793339265183303999e-01
-1.000024226979700392e+00 -4.073321397958901691e-01 -4.935908917072250879e-01
-9.385325176237444555e-01 -3.891851960708408997e-01 -4.997431081003439468e-01
-8.770685308205080633e-01 -3.701795128215372710e-01 -4.976895564745991152e-01
-8.166074372803829862e-01 -3.507281724273778600e-01 -4.874639560909118097e-01
-7.581020643492605293e-01 -3.312634311419546118e-01 -4.692342110248802767e-01
-7.024670953532505813e-01 -3.122292542185320929e-01 -4.432996531864999978e-01
-6.505639901236223155e-01 -2.940734650212393775e-01 -4.100861272984778205e-01
-6.031868776947136856e-01 -2.772396473759222713e-01 -3.701389985376578040e-01
-5.610496544463797752e-01 -2.621589475025329907e-01 -3.241141976538942648e-01
-5.247744993476843867e-01 -2.492419263142655605e-01 -2.727674506052744086e-01
-4.948819928380495670e-01 -2.388706145480504195e-01 -2.169418695587790047e-01
-4.717829977027094279e-01 -2.313909220377307618e-01 -1.575541090118103005e-01
-4.557724295583501783e-01 -2.271055484387515255e-01 -9.557931435068614534e-02
-4.470250118014510998e-01 -2.262675358982855212e-01 -3.203510999035649731e-02
-4.455930756575788854e-01 -2.290745946271402489e-01 3.203510999035639323e-02
-4.514064308985213936e-01 -2.356643202112824187e-01 9.557931435068604820e-02
-4.642742974714543780e-01 -2.461104069929050120e-01 1.575541090118102172e-01
-4.838892533174687371e-01 -2.604199451919633201e-01 2.169418695587791157e-01
-5.098331196438290469e-01 -2.785318709101343160e-01 2.727674506052743530e-01
-5.415846724339619112e-01 -3.003166180793799267e-01 3.241141976538942093e-01
-5.785290385807186908e-01 -3.255770001383576639e-01 3.701389985376577485e-01
-6.199686072225978339e-01 -3.540503271198023327e-01 4.100861272984778760e-01
-6.651352621126400688e-01 -3.854117413082316923e-01 4.432996531865000533e-01
-7.132037195638115668e-01 -4.192787320898762604e-01 4.692342110248801657e-01
-7.633057390390957098e-01 -4.552167684805372705e-01 4.874639560909118097e-01
-8.145449600678499325e-01 -4.927459664943991124e-01 4.976895564745990597e-01
-8.660121100787896431e-01 -5.313486884097348151e-01 4.997431081003439468e-01
-9.168003230754009358e-01 -5.704779524800982493e-01 4.935908917072250879e-01
-9.660203088957560746e-01 -6.095665150912575880e-01 4.793339265183303444e-01
-1.012815117071836912e+00 -6.480364731020080704e-01 4.572063115079063600e-01
-1.056374247933081989e+00 -6.853092224202413929e-01 4.275713815026731535e-01
-1.095946876409556126e+00 -7.208155999992863494e-01 3.909157412340149018e-01
-1.130853970735459013e+00 -7.540060305899612958e-01 3.478412753017433579e-01
-1.160499108620371311e+00 -7.843604968942270439e-01 2.990552652456080485e-01
-1.184377817069855787e+00 -8.113981523241519112e-01 2.453587760019692032e-01
-1.202085288470882141e+00 -8.346863994040596424e-01 1.876335024396871831e-01
-1.213322354337026621e+00 -8.538492639339264612e-01 1.268272919547540623e-01
-1.217899628721784699e+00 -8.685749052686609906e-01 6.393858084225319260e-02
-1.215739765215438251e+00 -8.786221163127586609e-01 0.000000000000000000e+00
-1.210189684275486677e+00 -8.862510525089366542e-01 0.000000000000000000e+00
-1.201295170935466228e+00 -8.913987794417567168e-01 6.393858084225299832e-02
-1.185875562323141841e+00 -8.915766101346674910e-01 1.268272919547536737e-01
-1.164184162401189715e+00 -8.867838869321419404e-01 1.876335024396870443e-01
-1.136575967090151629e+00 -8.771048091279008974e-01 2.453587760019689257e-01
-1.103500785134708506e+00 -8.627082863888105857e-01 2.990552652456079374e-01
-1.065494817062728306e+00 -8.438463083445039148e-01 3.478412753017431913e-01
-1.023170848793008458e+00 -8.208508386390238609e-01 3.909157412340149018e-01
-9.772072388710483226e-01 -7.941292680215499278e-01 4.275713815026730424e-01
-9.283358974751375614e-01 -7.641584870292029708e-01 4.572063115079061935e-01
-8.773294709303613992e-01 -7.314776640175728595e-01 4.793339265183302889e-01
-8.249879572530125493e-01 -6.966798382647135801e-01 4.935908917072250324e-01
-7.721249860475468685e-01 -6.604024601702654929e-01 4.997431081003439468e-01
-7.195539997885761485e-01 -6.233170307770331542e-01 4.976895564745991152e-01
-6.680745731093610251e-01 -5.861180105751983005e-01 4.874639560909118097e-01
-6.184591022258385529e-01 -5.495111824672544998e-01 4.692342110248802212e-01
-5.714400881622571093e-01 -5.142016655797659874e-01 4.432996531865000533e-01
-5.276982251902602172e-01 -4.808817850638724689e-01 4.100861272984780426e-01
-4.878514900918265451e-01 -4.502190079454748139e-01 3.701389985376578595e-01
-4.524454088119389539e-01 -4.228441563449062968e-01 3.241141976538943759e-01
-4.219446551375997667e-01 -3.993401069255010927e-01 2.727674506052745196e-01
-3.967261116317943870e-01 -3.802311792573561111e-01 2.169418695587791157e-01
-3.770734966102897712e-01 -3.659734059694989550e-01 1.575541090118104393e-01
-3.631736329537879060e-01 -3.569458642488167466e-01 9.557931435068627024e-02
-3.551144054992913524e-01 -3.534432316291462040e-01 3.203510999035661527e-02
-3.528844241682870253e-01 -3.556697093610670657e-01 -3.203510999035627527e-02
-3.563743803863655968e-01 -3.637344342805907127e-01 -9.557931435068593717e-02
-3.653800552459795514e-01 -3.776484753726284671e-01 -1.575541090118101062e-01
-3.796069097648738233e-01 -3.973234845672799498e-01 -2.169418695587790047e-01
-3.986761609790938077e-01 -4.225720431659317766e-01 -2.727674506052742420e-01
-4.221322229329605435e-01 -4.531097161524073047e-01 -3.241141976538940983e-01
-4.494513693026258028e-01 -4.885587970062738594e-01 -3.701389985376576375e-01
-4.800514547835059154e-01 -5.284536960183041643e-01 -4.100861272984778205e-01
-5.133025158026370827e-01 -5.722478960333335918e-01 -4.432996531864999978e-01
-5.485380578461678258e-01 -6.193223715294842169e-01 -4.692342110248801101e-01
-5.850668269207144334e-01 -6.689953404866207931e-01 -4.874639560909118097e-01
-6.221848565325659441e-01 -7.205331940792074619e-01 -4.976895564745990597e-01
-6.591875791428277731e-01 -7.731624272956368893e-01 -4.997431081003439468e-01
-6.953817923453943228e-01 -8.260823745435753596e-01 -4.935908917072251434e-01
-7.300972749585082910e-01 -8.784785385071806063e-01 -4.793339265183303999e-01
-7.626978566957187677e-01 -9.295362882811434302e-01 -4.572063115079064155e-01
-7.925917569033895660e-01 -9.784546943620936466e-01 -4.275713815026732090e-01
-8.192410227768303077e-01 -1.024460263608973465e+00 -3.909157412340149573e-01
-8.421699152006134614e-01 -1.066820336900818234e+00 -3.478412753017434689e-01
-8.609721105584690060e-01 -1.104855915962497992e+00 -2.990552652456081040e-01
-8.753166091417143857e-01 -1.137953693663699140e+00 -2.453587760019693143e-01
-8.849522647367981110e-01 -1.165577073918944828e+00 -1.876335024396872941e-01
-8.897108751505512503e-01 -1.187275982951433440e+00 -1.268272919547541733e-01
-8.895087993775819823e-01 -1.202695292887179024e+00 -6.393858084225331750e-02
-8.843470933596594419e-01 -1.211581701110709952e+00 -1.224646799147353207e-16
-8.767094398242233355e-01 -1.217119779694297854e+00 -1.224646799147353207e-16
-8.666588450998357063e-01 -1.219263842617070104e+00 -6.393858084225331750e-02
-8.519404191285060435e-01 -1.214663419762692431e+00 -1.268272919547537569e-01
-8.327952470905403137e-01 -1.203396236711600897e+00 -1.876335024396872941e-01
-8.095348714611322327e-01 -1.185652169504451736e+00 -2.453587760019689257e-01
-7.825347955725676652e-01 -1.161730977427663847e+00 -2.990552652456081040e-01
-7.522269798592012835e-01 -1.132038147796305294e+00 -3.478412753017431358e-01
-7.190914770973397818e-01 -1.097078909049007400e+00 -3.909157412340149573e-01
-6.836473661468382979e-01 -1.057450500397494553e+00 -4.275713815026729869e-01
-6.464431538896591167e-01 -1.013832816902727529e+00 -4.572063115079062490e-01
-6.080468220955386194e-01 -9.669775776402822487e-01 -4.793339265183303999e-01
-5.690356997375499715e-01 -9.176961910573906422e-01 -4.935908917072250879e-01
-5.299863418009727045e-01 -8.668465152391658934e-01 -4.997431081003439468e-01
-4.914645929073959141e-01 -8.153187311639558121e-01 -4.976895564745991152e-01
-4.540160081999835007e-01 -7.640205637638528557e-01 -4.874639560909118097e-01
-4.181567950494382013e-01 -7.138620984031389671e-01 -4.692342110248802767e-01
-3.843654274397915183e-01 -6.657404489986468166e-01 -4.432996531864999978e-01
-3.530750706244107917e-01 -6.205245382567348145e-01 -4.100861272984778205e-01
-3.246669370945172717e-01 -5.790402502917114669e-01 -3.701389985376578040e-01
-2.994646764025685193e-01 -5.420562111969042807e-01 -3.241141976538942648e-01
-2.777298812900730329e-01 -5.102704440167592503e-01 -2.727674506052744086e-01
-2.596587712677888016e-01 -4.842981311481851514e-01 -2.169418695587790047e-01
-2.453800926875996657e-01 -4.646606996889783292e-01 -1.575541090118103005e-01
-2.349542518413703929e-01 -4.517764239298563411e-01 -9.557931435068614534e-02
-2.283736751372888729e-01 -4.459527144012663813e-01 -3.203510999035649731e-02
-2.255643683478008588e-01 -4.473802350455672872e-01 3.203510999035639323e-02
-2.263886256921601170e-01 -4.561289596533006363e-01 9.557931435068604820e-02
-2.306488194879089404e-01 -4.721462461903724317e-01 1.575541090118102172e-01
-2.380921826301647948e-01 -4.952569736009043155e-01 2.169418695587791157e-01
-2.484164795535627746e-01 -5.251657506775103679e-01 2.727674506052743530e-01
-2.612764468793796202e-01 -5.614611712452827197e-01 3.241141976538942093e-01
-2.762908728869896136e-01 -6.036220548154019871e-01 3.701389985376577485e-01
-2.930501754650526314e-01 -6.510255776350639678e-01 4.100861272984778760e-01
-3.111243314344447897e-01 -7.029571662863701720e-01 4.432996531865000533e-01
-3.300710061807839990e-01 -7.586219952396285882e-01 4.692342110248801657e-01
-3.494437314254423277e-01 -8.171579015853340788e-01 4.874639560909118097e-01
-3.687999806828060056e-01 -8.776495050513026808e-01 4.976895564745990597e-01
-3.877089964289014978e-01 -9.391432998035800228e-01 4.997431081003439468e-01
-4.057592301222346376e-01 -1.000663466819717851e+00 4.935908917072250879e-01
-4.225652658043743681e-01 -1.061228142133080921e+00 4.793339265183303444e-01
-4.377741098535338216e-01 -1.119865867227711531e+00 4.572063115079063600e-01
-4.510707433180179415e-01 -1.175631943489522158e+00 4.275713815026731535e-01
-4.621828488316959693e-01 -1.227624412986321856e+00 3.909157412340149018e-01
-4.708846410960439433e-01 -1.274999392970064704e+00 3.478412753017433579e-01
-4.769997479649492611e-01 -1.316985501301441985e+00 2.990552652456080485e-01
-4.804031079359136758e-01 -1.352897124340102675e+00 2.453587760019692032e-01
-4.810218689713414708e-01 -1.382146297495151277e+00 1.876335024396871831e-01
-4.788352926807557530e-01 -1.404252991286750962e+00 1.268272919547540623e-01
-4.738736866281964555e-01 -1.418853622057091091e+00 6.393858084225319260e-02
-4.662164055386571748e-01 -1.425707635950167251e+00 0.000000000000000000e+00
-4.572402912884309112e-01 -1.428611674326676795e+00 0.000000000000000000e+00
-4.470193917511263715e-01 -1.427541780509970826e+00 6.393858084225299832e-02
-4.344457524948815430e-01 -1.418614320100290538e+00 1.268272919547536737e-01
-4.197245939415509830e-01 -1.401977778478973535e+00 1.876335024396870443e-01
-4.030934485935819822e-01 -1.377909085122504873e+00 2.453587760019689257e-01
-3.848166844719763113e-01 -1.346809448121311314e+00 2.990552652456079374e-01
-3.651796546261211196e-01 -1.309198081705488681e+00 3.478412753017431913e-01
-3.444825944333363421e-01 -1.265703925587130074e+00 3.909157412340149018e-01
-3.230343910777651595e-01 -1.217055489372377952e+00 4.275713815026730424e-01
-3.011463498128697514e-01 -1.164068987575098246e+00 4.572063115079061935e-01
-2.791260793962784814e-01 -1.107634960318793604e+00 4.793339265183302889e-01
-2.572716145141347166e-01 -1.048703601129669094e+00 4.935908917072250324e-01
-2.358658862026568603e-01 -9.882690358418090293e-01 4.997431081003439468e-01
-2.151716423881666895e-01 -9.273528151574319534e-01 4.976895564745991152e-01
-1.954269099022847289e-01 -8.669868975030289304e-01 4.874639560909118097e-01
-1.768410769201346489e-01 -8.081964082426236207e-01 4.692342110248802212e-01
-1.595916609792198682e-01 -7.519824658792167993e-01 4.432996531865000533e-01
-1.438218128528203910e-01 -6.993053655041517880e-01 4.100861272984780426e-01
-1.296385908801124809e-01 -6.510684044360023348e-01 3.701389985376578595e-01
-1.171120242143400270e-01 -6.081026248047758376e-01 3.241141976538943759e-01
-1.062749671647732208e-01 -5.711527329467881442e-01 2.727674506052745196e-01
-9.712373070230127803e-02 -5.408644361246074395e-01 2.169418695587791157e-01
-8.961946159030834136e-02 -5.177734135962266393e-01 1.575541090118104393e-01
-8.369022479712566465e-02 -5.022961118210990117e-01 9.557931435068627024e-02
-7.923373113074180796e-02 -4.947225230658806039e-01 3.203510999035661527e-02
-7.612063967324438074e-02 -4.952110733750866856e-01 -3.203510999035627527e-02
-7.419835381564321430e-02 -5.037857103652663149e-01 -9.557931435068593717e-02
-7.329522070368900410e-02 -5.203352441886128776e-01 -1.575541090118101062e-01
-7.322503686566851633e-02 -5.446149569245634092e-01 -2.169418695587790047e-01
-7.379175782730147681e-02 -5.762504572451246920e-01 -2.727674506052742420e-01
-7.479430670821617111e-02 -6.147437191172229198e-01 -3.241141976538940983e-01
-7.603137617671359982e-02 -6.594812062044663747e-01 -3.701389985376576375e-01
-7.730611970852313553e-02 -7.097439481466383260e-01 -4.100861272984778205e-01
-7.843063180107677501e-02 -7.647194016364285973e-01 -4.432996531864999978e-01
-7.923012254519347375e-02 -8.235148987504864460e-01 -4.692342110248801101e-01
-7.954669961837783354e-02 -8.851724578497156548e-01 -4.874639560909118097e-01
-7.924268016784767610e-02 -9.486847090094003843e-01 -4.976895564745990597e-01
-7.820336599284961887e-02 -1.013011666776474584e+00 -4.997431081003439468e-01
-7.633922768058190589e-02 -1.077098068410753839e+00 -4.935908917072251434e-01
-7.358745663924567970e-02 -1.139890985903879717e+00 -4.793339265183303999e-01
-6.991285802630729795e-02 -1.200357415156969587e+00 -4.572063115079064155e-01
-6.530807209714994954e-02 -1.257501545823850320e+00 -4.275713815026732090e-01
-5.979312619732752437e-02 -1.310381420493187621e+00 -3.909157412340149573e-01
-5.341433418721513310e-02 -1.358124702005497175e+00 -3.478412753017434689e-01
-4.624257422085475966e-02 -1.399943282610500717e+00 -2.990552652456081040e-01
-3.837098921129947215e-02 -1.435146488115115915e+00 -2.453587760019693143e-01
-2.991216672798197029e-02 -1.463152653823200700e+00 -1.876335024396872941e-01
-2.099486623384036119e-02 -1.483498876523428933e+00 -1.268272919547541733e-01
-1.176037125352163634e-02 -1.495848777574492638e+00 -6.393858084225331750e-02
-2.358552071377321459e-03 -1.499998145742896138e+00 -1.224646799147353207e-16
7.075632889546969173e-03 -1.499983311713571021e+00 -1.224646799147353207e-16
1.646435693095906622e-02 -1.495804397858882639e+00 -6.393858084225331750e-02
2.565996911803394842e-02 -1.483425517860372578e+00 -1.268272919547537569e-01
3.451324209712420404e-02 -1.463051353243686625e+00 -1.876335024396872941e-01
4.288395086293236846e-02 -1.435018725285698515e+00 -2.453587760019689257e-01
5.064479229583268571e-02 -1.399790939822853408e+00 -2.990552652456081040e-01
5.768500856280755346e-02 -1.357950012732903833e+00 -3.478412753017431358e-01
6.391362919674244136e-02 -1.310186907703284609e+00 -3.909157412340149573e-01
6.926225478189441953e-02 -1.257289951480146328e+00 -4.275713815026729869e-01
7.368731495365596351e-02 -1.200131622554230448e+00 -4.572063115079062490e-01
7.717174466931173149e-02 -1.139653936659829281e+00 -4.793339265183303999e-01
7.972603519395542182e-02 -1.076852676074725679e+00 -4.935908917072250879e-01
8.138862971735372209e-02 -1.012760729111567892e+00 -4.997431081003439468e-01
8.222564769735740686e-02 -9.484308210561196439e-01 -4.976895564745991152e-01
8.232993662280022051e-02 -8.849179278845969998e-01 -4.874639560909118097e-01
8.181946460303933522e-02 -8.232616692125431790e-01 -4.692342110248802767e-01
8.083508171870615322e-02 -7.644689770078466617e-01 -4.432996531864999978e-01
7.953769210728363348e-02 -7.094973316436176125e-01 -4.100861272984778205e-01
7.810489201524160874e-02 -6.592388469617901370e-01 -3.701389985376578040e-01
7.672714124712412542e-02 -6.145054713394192403e-01 -3.241141976538942648e-01
7.560354632310488376e-02 -5.760155525520372910e-01 -2.727674506052744086e-01
7.493734298696125284e-02 -5.443819908446431155e-01 -2.169418695587790047e-01
7.493117328330964333e-02 -5.201021774547887055e-01 -1.575541090118103005e-01
7.578225807752002330e-02 -5.035498853518481921e-01 -9.557931435068614534e-02
7.767756949291518276e-02 -4.949692456862777590e-01 -3.203510999035649731e-02
8.078910919727114170e-02 -4.944709079538257557e-01 3.203510999035639323e-02
8.526939773619518492e-02 -5.020304447808856541e-01 9.557931435068604820e-02
9.124727718056518944e-02 -5.174890241637584154e-01 1.575541090118102172e-01
9.882412426858412646e-02 -5.405563335975910322e-01 2.169418695587791157e-01
1.080705640636309417e-01 -5.708157024657146694e-01 2.727674506052743530e-01
1.190237650423889570e-01 -6.077313319758758103e-01 3.241141976538942093e-01
1.316853856393025157e-01 -6.506575064573151268e-01 3.701389985376577485e-01
1.460202298055550685e-01 -6.988496265740575808e-01 4.100861272984778760e-01
1.619556553292205991e-01 -7.514768745282695006e-01 4.432996531865000533e-01
1.793817637723232605e-01 -8.076362941377019933e-01 4.692342110248801657e-01
1.981523851985149964e-01 -8.663680452302142676e-01 4.874639560909118097e-01
2.180868546984599532e-01 -9.266715724981356983e-01 4.976895564745990597e-01
2.389725613876434451e-01 -9.875224141161008662e-01 4.997431081003439468e-01
2.605682343785111210e-01 -1.047889365290969099e+00 4.935908917072250879e-01
2.826079145405513415e-01 -1.106751706643632316e+00 4.793339265183303444e-01
3.048055459770206976e-01 -1.163116206997984792e+00 4.572063115079063600e-01
3.268601073712775196e-01 -1.216033614765503756e+00 4.275713815026731535e-01
3.484611909765122362e-01 -1.264614361573291879e+00 3.909157412340149018e-01
3.692949263024982165e-01 -1.308043215915061452e+00 3.478412753017433579e-01
3.890501367248193065e-01 -1.345592643154396306e+00 2.990552652456080485e-01
4.074246105037560572e-01 -1.376634650848970631e+00 2.453587760019692032e-01
4.241313632111858301e-01 -1.400650924694964550e+00 1.876335024396871831e-01
4.389047664413223138e-01 -1.417241089952426369e+00 1.268272919547540623e-01
4.515064179971961522e-01 -1.426128965490311318e+00 6.393858084225319260e-02
4.617306315249412041e-01 -1.427166712024765083e+00 0.000000000000000000e+00
4.706975689681168751e-01 -1.424234460532220581e+00 0.000000000000000000e+00
4.783332581565901132e-01 -1.417356400431601271e+00 6.393858084225299832e-02
4.832489246017458440e-01 -1.402740238934389927e+00 1.268272919547536737e-01
4.853659704484329374e-01 -1.380626778256487608e+00 1.876335024396870443e-01
4.846552316557117823e-01 -1.351379695567072492e+00 2.453587760019689257e-01
4.811389560756803019e-01 -1.315478952755702924e+00 2.990552652456079374e-01
4.748918443768900821e-01 -1.273512282405827367e+00 3.478412753017431913e-01
4.660411135147467521e-01 -1.226164901482720282e+00 3.909157412340149018e-01
4.547655605535168011e-01 -1.174207633668282069e+00 4.275713815026730424e-01
4.412936234605447927e-01 -1.118483647503526468e+00 4.572063115079061935e-01
4.259004546715976502e-01 -1.059894040095555656e+00 4.793339265183302889e-01
4.089040424048605016e-01 -9.993825147369800321e-01 4.935908917072250324e-01
3.906604335135620554e-01 -9.379194150697911514e-01 4.997431081003439468e-01
3.715581297496134416e-01 -8.764853881756413667e-01 4.976895564745991152e-01
3.520117463090406962e-01 -8.160549540419093084e-01 4.874639560909118097e-01
3.324550371063646481e-01 -7.575802591707074818e-01 4.692342110248802212e-01
3.133334050648700631e-01 -7.019752876806617525e-01 4.432996531865000533e-01
2.950960275270110289e-01 -6.501007941949806801e-01 4.100861272984780426e-01
2.781877364334079950e-01 -6.027502092892874641e-01 3.701389985376578595e-01
2.630407999788987872e-01 -5.606367505404002971e-01 3.241141976538943759e-01
2.500667568634852289e-01 -5.243819505954007143e-01 2.727674506052745196e-01
2.396484558958913436e-01 -4.945057885572601286e-01 2.169418695587791157e-01
2.321324525098713287e-01 -4.714185828057462779e-01 1.575541090118104393e-01
2.278219097025747375e-01 -4.554147726377123506e-01 9.557931435068627024e-02
2.269701440378558421e-01 -4.466686833582631522e-01 3.203510999035661527e-02
2.297749477660662731e-01 -4.452323352550564550e-01 -3.203510999035627527e-02
2.363738059382080037e-01 -4.510353218357446292e-01 -9.557931435068593717e-02
2.468401128289169355e-01 -4.638867474087111087e-01 -1.575541090118101062e-01
2.611804752687602038e-01 -4.834791791466382938e-01 -2.169418695587790047e-01
2.793331719039290340e-01 -5.093945347886532637e-01 -2.727674506052742420e-01
3.011678172705613554e-01 -5.411117946880510399e-01 -3.241141976538940983e-01
3.264862582442449312e-01 -5.780163965476196042e-01 -3.701389985376576375e-01
3.550247082814148580e-01 -6.194111434135350924e-01 -4.100861272984778205e-01
3.864571023067262523e-01 -6.645284307842532767e-01 -4.432996531864999978e-01
4.203996325295585312e-01 -7.125435774403993117e-01 -4.692342110248801101e-01
4.564164033091887562e-01 -7.625890271608862792e-01 -4.874639560909118097e-01
4.940261218444583213e-01 -8.137691751373720139e-01 -4.976895564745990597e-01
5.327097213423902522e-01 -8.651755638396035897e-01 -4.997431081003439468e-01
5.719187948055868276e-01 -9.159021884487285048e-01 -4.935908917072251434e-01
6.110847010295885617e-01 -9.650606518178690418e-01 -4.793339265183303999e-01
6.496281901460466690e-01 -1.011794913214777880e+00 -4.572063115079064155e-01
6.869693843743193140e-01 -1.055295383749397686e+00 -4.275713815026732090e-01
7.225379407979717339e-01 -1.094812134213729138e+00 -3.909157412340149573e-01
7.557832171593370507e-01 -1.129666997815934382e+00 -3.478412753017434689e-01
7.861842590078566007e-01 -1.159264370661456489e+00 -2.990552652456081040e-01
8.132594271327890922e-01 -1.183100536447284412e+00 -2.453587760019693143e-01
8.365754880866652643e-01 -1.200771368263249039e+00 -1.876335024396872941e-01
8.557559977312638733e-01 -1.211978289162566336e+00 -1.268272919547541733e-01
8.704888180225689442e-01 -1.216532403761114711e+00 -6.393858084225331750e-02
8.805326205462276068e-01 -1.214356745011116345e+00 -1.224646799147353207e-16
8.881528205418007804e-01 -1.208794675436504207e+00 -1.224646799147353207e-16
8.932865556625738668e-01 -1.199892078970279607e+00 -6.393858084225331750e-02
8.934401408357667274e-01 -1.184472209803935749e+00 -1.268272919547537569e-01
8.886133166937242311e-01 -1.162788372621095911e+00 -1.876335024396872941e-01
8.788908406103235205e-01 -1.135195430511189096e+00 -2.453587760019689257e-01
8.644423293085284898e-01 -1.102142926074690665e+00 -2.990552652456081040e-01
8.455206152110453788e-01 -1.064166662956192999e+00 -3.478412753017431358e-01
8.224586250765534290e-01 -1.021878904347956141e+00 -3.909157412340149573e-01
7.956648157799280918e-01 -9.759573673887164125e-01 -4.275713815026729869e-01
7.656172281009493430e-01 -9.271332115045539668e-01 -4.572063115079062490e-01
7.328562446130978403e-01 -8.761782342943352786e-01 -4.793339265183303999e-01
6.979761617526472062e-01 -8.238915003094087197e-01 -4.935908917072250879e-01
6.616157084564326940e-01 -7.710856358418016754e-01 -4.997431081003439468e-01
6.244476639681240115e-01 -7.185730265137901807e-01 -4.976895564745991152e-01
5.871677451450357799e-01 -6.671521540227365321e-01 -4.874639560909118097e-01
5.504829485083229113e-01 -6.175943038792811590e-01 -4.692342110248802767e-01
5.150995440741070741e-01 -5.706308674953893822e-01 -4.432996531864999978e-01
4.817109264396176038e-01 -5.269414497113050766e-01 -4.100861272984778205e-01
4.509855334925992887e-01 -4.871429770412570859e-01 -3.701389985376578040e-01
4.235550443411444377e-01 -4.517799828713188193e-01 -3.241141976538942648e-01
4.000030655662684675e-01 -4.213162239174349510e-01 -2.727674506052744086e-01
3.808545086880182895e-01 -3.961277578533607957e-01 -2.169418695587790047e-01
3.665658518813012523e-01 -3.764975855930046134e-01 -1.575541090118103005e-01
3.575164656187289069e-01 -3.626119337372663565e-01 -9.557931435068614534e-02
3.540011652571747880e-01 -3.545582236729700187e-01 -3.203510999035649731e-02
3.562241338853960881e-01 -3.523247442561603382e-01 3.203510999035639323e-02
3.642943363311820781e-01 -3.558020154442790295e-01 9.557931435068604820e-02
3.782225204584764300e-01 -3.647858011777092013e-01 1.575541090118102172e-01
3.979198751829072234e-01 -3.789817017539793831e-01 2.169418695587791157e-01
4.231983864513138016e-01 -3.980112293685482139e-01 2.727674506052743530e-01
4.537729032503295401e-01 -4.214192458654505424e-01 3.241141976538942093e-01
4.892648960358951249e-01 -4.486826194619171759e-01 3.701389985376577485e-01
5.292078603276555437e-01 -4.792199376513788800e-01 4.100861272984778760e-01
5.730542891114422943e-01 -5.124020969657260283e-01 4.432996531865000533e-01
6.201841096559208566e-01 -5.475635770509601485e-01 4.692342110248801657e-01
6.699144538780641422e-01 -5.840141967804707290e-01 4.874639560909118097e-01
7.215106069647811982e-01 -6.210511440338449818e-01 4.976895564745990597e-01
7.741979570211635631e-01 -6.579710683777209024e-01 4.997431081003439468e-01
8.271747494753236563e-01 -6.940820272039035510e-01 4.935908917072250879e-01
8.796254341839070401e-01 -7.287150808486986264e-01 4.793339265183303444e-01
9.307343809547959923e-01 -7.612353407116758675e-01 4.572063115079063600e-01
9.796997307777149944e-01 -7.910522862267027611e-01 4.275713815026731535e-01
1.025747145607977195e+00 -8.176291814699870875e-01 3.909157412340149018e-01
1.068143219193323779e+00 -8.404914399239927780e-01 3.478412753017433579e-01
1.106208315207714676e+00 -8.592338061099231705e-01 2.990552652456080485e-01
1.139328606825619206e+00 -8.735262450728071837e-01 2.453587760019692032e-01
1.166967103730608413e+00 -8.831184546360885124e-01 1.876335024396871831e-01
1.188673468226491892e+00 -8.878429404961534210e-01 1.268272919547540623e-01
1.204092441363838528e+00 -8.876166201427256874e-01 6.393858084225319260e-02
1.212970722500632315e+00 -8.824409478012080754e-01 0.000000000000000000e+00
1.218496785035828145e+00 -8.747945958094108798e-01 0.000000000000000000e+00
1.220625042074167332e+00 -8.647406422532493142e-01 6.393858084225299832e-02
1.216001482123992616e+00 -8.500294680343184472e-01 1.268272919547536737e-01
1.204704209744292598e+00 -8.309020358216826496e-01 1.876335024396870443e-01
1.186923590600436729e+00 -8.076695891503976599e-01 2.453587760019689257e-01
1.162959974037733657e+00 -7.807071595566353883e-01 2.990552652456079374e-01
1.133219526070781358e+00 -7.504460693654796399e-01 3.478412753017431913e-01
1.098208229333311747e+00 -7.173655763547523989e-01 3.909157412340149018e-01
1.058524138481770294e+00 -6.819838196627884264e-01 4.275713815026730424e-01
1.014848010191348404e+00 -6.448482364482284179e-01 4.572063115079061935e-01
9.679324556847526129e-01 -6.065256257996336497e-01 4.793339265183302889e-01
9.185897901798052434e-01 -5.675920401436821416e-01 4.935908917072250324e-01
8.676787772577976288e-01 -5.286226848842912052e-01 4.997431081003439468e-01
8.160904865126631380e-01 -4.901820042514413167e-01 4.976895564745991152e-01
7.647334995678666258e-01 -4.528141254362179624e-01 4.874639560909118097e-01
7.145187123306435684e-01 -4.170338241820555347e-01 4.692342110248802212e-01
6.663439899460449345e-01 -3.833181632882518564e-01 4.432996531865000533e-01
6.210789351414944814e-01 -3.520989412064091661e-01 4.100861272984780426e-01
5.795500304167077177e-01 -3.237560713627102293e-01 3.701389985376578595e-01
5.425264098110729183e-01 -2.986119943464192183e-01 3.241141976538943759e-01
5.107065068262287566e-01 -2.769272050265373930e-01 2.727674506052745196e-01
4.847058116279014395e-01 -2.588969553781194088e-01 2.169418695587791157e-01
4.650459531059648044e-01 -2.446491717185870496e-01 1.575541090118104393e-01
4.521453000150002510e-01 -2.342436025840040070e-01 9.557931435068627024e-02
4.463112505969692445e-01 -2.276721910294244033e-01 3.203510999035661527e-02
4.477343522123783393e-01 -2.248606431248727222e-01 -3.203510999035627527e-02
4.564843620410997671e-01 -2.256711432352782876e-01 -9.557931435068593717e-02
4.725083273706610076e-01 -2.299061466951374810e-01 -1.575541090118101062e-01
4.956307299187440174e-01 -2.373131620667839337e-01 -2.169418695587790047e-01
5.255557036175710905e-01 -2.475904186221635772e-01 -2.727674506052742420e-01
5.618712999196984192e-01 -2.603933002912827699e-01 -3.241141976538940983e-01
6.040557395754466707e-01 -2.753414153123046049e-01 -3.701389985376576375e-01
6.514855555881023941e-01 -2.920261613883730067e-01 -4.100861272984778205e-01
7.034454992683975005e-01 -3.100186394443542603e-01 -4.432996531864999978e-01
7.591400505563651313e-01 -3.288777651709362537e-01 -4.692342110248801101e-01
8.177063455958267779e-01 -3.481584264788105676e-01 -4.874639560909118097e-01
8.782283094316584160e-01 -3.674195367440954429e-01 -4.976895564745990597e-01
9.397517600992357778e-01 -3.862318382374132497e-01 -4.997431081003439468e-01
1.001300232676613167e+00 -4.041853172726654342e-01 -4.935908917072251434e-01
1.061891258395169846e+00 -4.208961022193892787e-01 -4.793339265183303999e-01
1.120552824903945144e+00 -4.360127273824888627e-01 -4.572063115079064155e-01
1.176339739430926956e+00 -4.492216596136017204e-01 -4.275713815026732090e-01
1.228349616975774161e+00 -4.602520000930609423e-01 -3.909157412340149573e-01
1.275738220816034385e+00 -4.688792906957219286e-01 -3.478412753017434689e-01
1.317733892444033605e+00 -4.749283723901231435e-01 -2.990552652456081040e-01
1.353650822424245392e+00 -4.782752618653496324e-01 -2.453587760019693143e-01
1.382900932342384204e+00 -4.788480316705941986e-01 -1.876335024396872941e-01
1.405004160703627658e+00 -4.766266982240371375e-01 -1.268272919547541733e-01
1.419596971954264264e+00 -4.716421407395743337e-01 -6.393858084225331750e-02
1.426438937310487765e+00 -4.639740920833037019e-01 -1.224646799147353207e-16
1.429328858341869735e+00 -4.549934227119409869e-01 -1.224646799147353207e-16
1.428242894831885934e+00 -4.447742180762719322e-01 -6.393858084225331750e-02
1.419295675069468521e+00 -4.322146316166945446e-01 -1.268272919547537569e-01
1.402636006934435908e+00 -4.175196500277070233e-01 -1.876335024396872941e-01
1.378541193049457325e+00 -4.009263700830662525e-01 -2.453587760019689257e-01
1.347412856692827843e+00 -3.826985286301846090e-01 -2.990552652456081040e-01
1.309770660132821618e+00 -3.631206619698436056e-01 -3.478412753017431358e-01
1.266244014384569239e+00 -3.424920161835087185e-01 -3.909157412340149573e-01
1.217561913837988063e+00 -3.211203325882633353e-01 -4.275713815026729869e-01
1.164541061484397400e+00 -2.993156326631167818e-01 -4.572063115079062490e-01
1.108072480020620754e+00 -2.773841245286083335e-01 -4.793339265183303999e-01
1.049106830418480296e+00 -2.556223484485189434e-01 -4.935908917072250879e-01
9.886386821548689419e-01 -2.343116719776184853e-01 -4.997431081003439468e-01
9.276899978056392104e-01 -2.137132364637445159e-01 -4.976895564745991152e-01
8.672931087873881895e-01 -1.940634458258190809e-01 -4.874639560909118097e-01
8.084734684321858156e-01 -1.755700761057592263e-01 -4.692342110248802767e-01
7.522324731283818178e-01 -1.584090704948800388e-01 -4.432996531864999978e-01
6.995306418659322789e-01 -1.427220696521855903e-01 -4.100861272984778205e-01
6.512714391818934523e-01 -1.286147114686666815e-01 -3.701389985376578040e-01
6.082860162905635582e-01 -1.161557183069099469e-01 -3.241141976538942648e-01
5.713191302667410820e-01 -1.053767734831218272e-01 -2.727674506052744086e-01
5.410164817742771914e-01 -9.627317268328614008e-02 -2.169418695587790047e-01
5.179136883173860451e-01 -8.880522043386526732e-02 -1.575541090118103005e-01
5.024270827323760180e-01 -8.290032698500959807e-02 -9.557931435068614534e-02
4.948464960911662103e-01 -7.845574729658001678e-02 -3.203510999035649731e-02
4.953301508709034850e-01 -7.534189150650139055e-02 3.203510999035639323e-02
5.039017547205012493e-01 -7.340612553995204403e-02 9.557931435068604820e-02
5.204498480281393169e-01 -7.247697158623890579e-02 1.575541090118102172e-01
5.447294203953790825e-01 -7.236861119046712754e-02 2.169418695587791157e-01
5.763657727029717348e-01 -7.288558880166247367e-02 2.727674506052743530e-01
6.148605633666267556e-01 -7.382761086824043972e-02 3.241141976538942093e-01
6.595999402791729027e-01 -7.499433501228219834e-02 3.701389985376577485e-01
7.098646244539790207e-01 -7.619004543887702985e-02 4.100861272984778760e-01
7.648417781315693942e-01 -7.722811449487150537e-02 4.432996531865000533e-01
8.236384596580151873e-01 -7.793515608967734043e-02 4.692342110248801657e-01
8.852964403136077687e-01 -7.815478439569774338e-02 4.874639560909118097e-01
9.488081349307939671e-01 -7.775090068663409459e-02 4.976895564745990597e-01
1.013133378994322431e+00 -7.661044214341519720e-02 4.997431081003439468e-01
1.077216770295306381e+00 -7.464553872532754542e-02 4.935908917072250879e-01
1.140005283368763722e+00 -7.179503750857120503e-02 4.793339265183303444e-01
1.200465860053536060e+00 -6.802536795675745429e-02 4.572063115079063600e-01
1.257602679662215950e+00 -6.333073611473716280e-02 4.275713815026731535e-01
1.310473817438247091e+00 -5.773265040704279871e-02 3.909157412340149018e-01
1.358207010122938208e+00 -5.127879627187507255e-02 3.478412753017433579e-01
1.400014262386792385e+00 -4.404129097109942687e-02 2.990552652456080485e-01
1.435205047345458729e+00 -3.611436329666568162e-02 2.453587760019692032e-01
1.463197878050929601e+00 -2.761151526980660728e-02 1.876335024396871831e-01
1.483530054321371638e+00 -1.866223404851529918e-02 1.268272919547540623e-01
1.495865420080997987e+00 -9.408331893810338922e-03 6.393858084225319260e-02
1.500000000000000000e+00 -3.673940397442059375e-16 0.000000000000000000e+00
