1.500000000000000000e+00 0.000000000000000000e+00 0.000000000000000000e+00
1.497835668008125953e+00 4.711853175636491337e-02 3.770103229120079502e-02
1.491359935990553387e+00 9.392258448734359944e-02 7.518741090696834384e-02
1.480624408198603081e+00 1.401011487625959673e-01 1.122457043187862907e-01
1.465714468437593343e+00 1.853501146436805358e-01 1.486649183335861379e-01
1.446748352574454222e+00 2.293756226383645846e-01 1.842376974051249394e-01
1.423875864817088388e+00 2.718972973705467977e-01 2.187615052284521411e-01
1.397276752331732652e+00 3.126513269648018567e-01 2.520397778956622870e-01
1.367158756639799133e+00 3.513933529084437013e-01 2.838830430473539002e-01
1.333755363900426483e+00 3.879011373207697511e-01 3.141099986478211314e-01
1.297323279597516033e+00 4.219769771040484119e-01 3.425485452418904342e-01
1.258139656271370033e+00 4.534498373447639064e-01 3.690367658161694542e-01
1.216499105729616614e+00 4.821771795435811914e-01 3.934238476857949696e-01
1.172710529608016028e+00 5.080464637417678730e-01 4.155709411578467627e-01
1.127093804201204641e+00 5.309763073405507905e-01 4.353519500825637212e-01
1.079976357123081376e+00 5.509172873354792888e-01 4.526542497912983132e-01
1.031689674567707993e+00 5.678523767654988230e-01 4.673793283335754833e-01
9.825657787104509211e-01 5.817970103594820586e-01 4.794433473623248565e-01
9.329337151069251322e-01 5.927987786036675866e-01 4.887776194738430724e-01
8.831160898104974954e-01 6.009367537033485362e-01 4.953289992847158540e-01
8.334256953392734646e-01 6.063204551226795136e-01 4.990601860190731487e-01
7.841622635873938263e-01 6.090884665095397388e-01 4.999499358833744411e-01
7.356093823049857372e-01 6.094067198008779052e-01 4.979931830195521991e-01
6.880316098830430160e-01 6.074664661123068132e-01 4.932010683478573188e-01
6.416718208954895752e-01 6.034819566003938318e-01 4.856008761351881531e-01
5.967488121967849946e-01 5.976878598061572401e-01 4.752358786500557875e-01
5.534551963800259378e-01 5.903364450057642099e-01 4.621650897886542264e-01
5.119556061017840332e-01 5.816945637748783815e-01 4.464629290747842982e-01
4.723852292136051512e-01 5.720404642858648581e-01 4.282187979466730021e-01
4.348486908469346157e-01 5.616604747757040217e-01 4.075365707431312101e-01
3.994192946215616713e-01 5.508455941250515187e-01 3.845340032871584768e-01
3.661386310329501348e-01 5.398880285582235983e-01 3.593420624342692493e-01
3.350165568680391615e-01 5.290777140977592774e-01 3.321041804028070921e-01
3.060315452503225009e-01 5.186988645784464946e-01 3.029754381317741885e-01
2.791314016717791335e-01 5.090265847423346424e-01 2.721216823157895925e-01
2.542343371800199203e-01 5.003235872014947239e-01 2.397185811444049741e-01
2.312303858016829805e-01 4.928370508774978509e-01 2.059506241219964118e-01
2.099831493443544972e-01 4.867956569191947414e-01 1.710100716628344397e-01
1.903318489741004926e-01 4.824068360817256873e-01 1.350958604418911191e-01
1.720936594568573397e-01 4.798542591427933379e-01 9.841247073385277211e-02
1.550662987195189357e-01 4.792955991645777014e-01 6.116876218922865510e-02
1.390308424675029131e-01 4.808605913128178866e-01 2.357678467615309525e-02
1.237547310232123277e-01 4.846494125539084763e-01 -1.414942904155879443e-02
1.089949333535232823e-01 4.907313999050281206e-01 -5.179508191611941620e-02
9.450123145929319179e-02 4.991441220529794220e-01 -8.914583557898775323e-02
8.001958692640628867e-02 5.098928151286081789e-01 -1.259890306925623704e-01
6.529555050173523056e-02 5.229501892713814826e-01 -1.621148977421852655e-01
5.007767506927530282e-02 5.382566083903512766e-01 -1.973177513747202405e-01
3.412089236718321428e-02 5.557206412715638422e-01 -2.313971614836493329e-01
1.718981420589410503e-02 5.752199779466041774e-01 -2.641590943730255381e-01
-9.380801838940655470e-04 5.966027010707283251e-01 -2.954170175029788847e-01
-2.046940773672504404e-02 6.196888980095049959e-01 -3.249929615268232208e-01
-4.159203140260214759e-02 6.442725954462874549e-01 -3.527185335729764448e-01
-6.447242945651786294e-02 6.701239946435424422e-01 -3.784358760024957857e-01
-8.925331494521264453e-02 6.969919820610814831e-01 -4.019985651834700469e-01
-1.160515330810911461e-01 7.246068868927154627e-01 -4.232724451650302089e-01
-1.449562612067212819e-01 7.526834542656680727e-01 -4.421363915043887149e-01
-1.760275324847216105e-01 7.809240003863898716e-01 -4.584830008980066429e-01
-2.092951007567633859e-01 8.090217138402876484e-01 -4.722192026904143414e-01
-2.447576601042773248e-01 8.366640655850634545e-01 -4.832667887790206285e-01
-2.823824285769515052e-01 8.635362889368147776e-01 -4.915628588978520619e-01
-3.221051013797331941e-01 8.893248900490240416e-01 -4.970601787449696052e-01
-3.638301745724809022e-01 9.137211490360803712e-01 -4.997274489145346332e-01
-4.074316360871161891e-01 9.364245719991055594e-01 -4.995494831023407634e-01
-4.527540166536186406e-01 9.571462547712690228e-01 -4.965272945701838525e-01
-4.996137890966875772e-01 9.756121202061909248e-01 -4.906780903767798407e-01
-5.478011004665208628e-01 9.915659922748415456e-01 -4.820351734080753903e-01
-5.970818176456574866e-01 1.004772472097160030e+00 -4.706477527647517922e-01
-6.471998634728939326e-01 1.015019583293141459e+00 -4.565806635864917418e-01
-6.978798170860084360e-01 1.022121156668572173e+00 -4.399139979082148932e-01
-7.488297491457037713e-01 1.025918927222931432e+00 -4.207426486500251972e-01
-7.997442598984177975e-01 1.026284319747209572e+00 -3.991757693372032234e-01
-8.503076856965154917e-01 1.023119902830140981e+00 -3.753361526263622738e-01
-9.001974376475273543e-01 1.016360494871954456e+00 -3.493595311761840128e-01
-9.490874345318380811e-01 1.005973909672173372e+00 -3.213938048432697925e-01
-9.966515910281307233e-01 9.919613332667692740e-01 -2.915981986031369599e-01
-1.042567321630501587e+00 9.743573278933574944e-01 -2.601423559907896088e-01
-1.086519020438037497e+00 9.532294632129493239e-01 -2.272053732224390277e-01
-1.128201477249170415e+00 9.286775791646344480e-01 -1.929747794976644781e-01
-1.167323191096391266e+00 9.008326890269028331e-01 -1.576454692877515551e-01
-1.203609543504015278e+00 8.698555353582042571e-01 -1.214185926892936696e-01
-1.236805795329507074e+00 8.359348154429802058e-01 -8.450041016092484092e-02
-1.266679873039453064e+00 7.992850966327020856e-01 -4.710111816381364752e-02
-1.293024912651915326e+00 7.601444455013288692e-01 -9.433652392233838127e-03
-1.315661532320440141e+00 7.187717979909045152e-01 2.828752459189567275e-02
-1.334439807610169337e+00 6.754441006684529514e-01 6.584764441781153221e-02
-1.349240926888189307e+00 6.304532558163359335e-01 1.030328557058458050e-01
-1.359978507880001075e+00 5.841029053051515207e-01 1.396314416464148056e-01
-1.366599560290409077e+00 5.367050900255648793e-01 1.754350254256648312e-01
-1.369085083406237136e+00 4.885768230624554787e-01 2.102397566346069502e-01
-1.367450291744341406e+00 4.400366157652771948e-01 2.438474719068168817e-01
-1.361744466033942169e+00 3.914009963915538459e-01 2.760668231765349701e-01
-1.352050431079249604e+00 3.429810610700576023e-01 3.067143671333305566e-01
-1.338483666288014184e+00 2.950790964455591858e-01 3.356156096704512315e-01
-1.321191058825692988e+00 2.479853125326677565e-01 3.626059993801983850e-01
-1.300349313415663177e+00 2.019747230316146780e-01 3.875318644398006995e-01
-1.276163036707084419e+00 1.573042086585470789e-01 4.102512875535435088e-01
-1.248862517828961183e+00 1.142097969364287841e-01 4.306349139696150630e-01
-1.218701230199639163e+00 7.290418940401702241e-02 4.485666879711568966e-01
-1.185953082825857097e+00 3.357456435815643625e-02 4.639445136482544529e-01
-1.150909452168549452e+00 -3.619319918810291054e-03 4.766808361887145407e-01
-1.113876028141379981e+00 -3.854669994314188775e-02 4.867031403780012200e-01
-1.075169509914041921e+00 -7.110704201593663620e-02 4.939543634700889752e-01
-1.035114188891740561e+00 -1.012309234995351637e-01 4.983932200785171074e-01
-9.940384575154772584e-01 -1.288805505283170394e-01 4.999944372378570256e-01
-9.522712833604004556e-01 -1.540499064667737450e-01 4.987488982972498874e-01
-9.101386883919265758e-01 -1.767645296612525840e-01 4.946636948267468248e-01
-8.679602731673693450e-01 -1.970809232816681800e-01 4.877620862409194347e-01
-8.260458252451546857e-01 -2.150856042672824320e-01 4.780833673696257002e-01
-7.846920500904597251e-01 -2.308938025281064010e-01 4.656826447299270977e-01
-7.441794613563612604e-01 -2.446478255632893728e-01 4.506305227729724416e-01
-7.047694655894318760e-01 -2.565151074942513265e-01 4.330127018922195758e-01
-6.667016741791662593e-01 -2.666859651293712608e-01 4.129294904817719658e-01
-6.301914727669881700e-01 -2.753710870374544983e-01 3.904952338229592534e-01
-5.954278753827689785e-01 -2.827987846705315444e-01 3.658376630508393124e-01
-5.625716873183727040e-01 -2.892120373077674556e-01 3.390971679073335188e-01
-5.317539972159343042e-01 -2.948653649601831184e-01 3.104259974216223017e-01
-5.030750150838187995e-01 -3.000215653534133442e-01 2.799873930687983847e-01
-4.766032689983452642e-01 -3.049483526702423397e-01 2.479546593421948775e-01
-4.523751691497142624e-01 -3.099149368682869721e-01 2.145101770311635681e-01
-4.303949436928469763e-01 -3.151885830779234121e-01 1.798443648222684266e-01
-4.106349466160612582e-01 -3.210311908235364831e-01 1.441545951361116740e-01
-3.930363335911030154e-01 -3.276959325945997259e-01 1.076440703725452946e-01
-3.775100975656235369e-01 -3.354239906244644853e-01 7.052066596245999686e-02
-3.639384517516595086e-01 -3.444414296216501414e-01 3.299574681331080006e-02
-3.521765436980102137e-01 -3.549562416535615994e-01 -4.717036112947612173e-03
-3.420544803558192570e-01 -3.671555974235549691e-01 -4.240296223775450596e-02
-3.333796404983683792e-01 -3.812033358314760867e-01 -7.984746389377440912e-02
-3.259392475785502508e-01 -3.972377209920314178e-01 -1.168373479821257221e-01
-3.195031731381224871e-01 -4.153694928356317928e-01 -1.531620098033910360e-01
-3.138269382555934905e-01 -4.356802340674766905e-01 -1.886146321513840762e-01
-3.086548782643753763e-01 -4.582210726508676446e-01 -2.229933628425377623e-01
-3.037234341154706474e-01 -4.830117351512436819e-01 -2.561024639765567268e-01
-2.987645323205687653e-01 -5.100399622719946624e-01 -2.877534263849444440e-01
-2.935090144084571140e-01 -5.392612937773866300e-01 -3.177660429221913496e-01
-2.876900762715400295e-01 -5.705992257792411593e-01 -3.459694344887729311e-01
-2.810466776762795549e-01 -6.039457391104507966e-01 -3.722030229442092053e-01
-2.733268825627684362e-01 -6.391621932686102348e-01 -3.963174453708419587e-01
-2.642910915602706412e-01 -6.760805762353646609e-01 -4.181754044828875916e-01
-2.537151293883501690e-01 -7.145050964092972690e-01 -4.376524503389063736e-01
-2.413931514828154823e-01 -7.542140989786910721e-01 -4.546376889069440597e-01
-2.271403362631525535e-01 -7.949622853500348807e-01 -4.690344134480827210e-01
-2.107953319195636499e-01 -8.364832107810051820e-01 -4.807606551235625303e-01
-1.922224294150583213e-01 -8.784920321825593348e-01 -4.897496496905582308e-01
-1.713134365390730218e-01 -9.206884751899560015e-01 -4.959502176294384168e-01
-1.479892312778981478e-01 -9.627599870898237988e-01 -4.993270555382282039e-01
-1.222009764445428914e-01 -1.004385040058433320e+00 -4.998609371351943609e-01
-9.393098139463294804e-02 -1.045236547439536645e+00 -4.975488227251331219e-01
-6.319320070100603592e-02 -1.084985354488185338e+00 -4.924038765061040657e-01
-3.003336382170933988e-02 -1.123303764144735650e+00 -4.844553916180749376e-01
5.471265973560283068e-03 -1.159869057990681851e+00 -4.737486233602151153e-01
4.321250090313837056e-02 -1.194366972579671504e+00 -4.603445315264319548e-01
8.305219946195807612e-02 -1.226495091832709106e+00 -4.443194333261780704e-01
1.248235878168103968e-01 -1.255966117130378867e+00 -4.257645688666559236e-01
1.683329169053023322e-01 -1.282510978116268907e+00 -4.047855816703724297e-01
2.133614364848766543e-01 -1.305881749028779515e+00 -3.815019171857642610e-01
2.596676637418150468e-01 -1.325854337582712983e+00 -3.560461427155128811e-01
3.069899206893619281e-01 -1.342230916002187247e+00 -3.285631926345946030e-01
3.550491114977242790e-01 -1.354842066733165318e+00 -2.992095431954639451e-01
4.035517081419932039e-01 -1.363548618603728002e+00 -2.681523216186919578e-01
4.521929103584252374e-01 -1.368243152716283273e+00 -2.355683545415090951e-01
5.006599438925297685e-01 -1.368851161107975001e+00 -2.016431612419909980e-01
5.486354594268656459e-01 -1.365331845160860702e+00 -1.665698973710293684e-01
5.958009934107317829e-01 -1.357678544836901091e+00 -1.305482552060449331e-01
6.418404512912486704e-01 -1.345918794007773922e+00 -9.378332668791959648e-02
6.864435733740508194e-01 -1.330114001398067236e+00 -5.648443571453679035e-02
7.293093437250679489e-01 -1.310358760914031473e+00 -1.886394633935917220e-02
7.701493031605149975e-01 -1.286779799340283192e+00 1.886394633935779483e-02
8.086907284530703288e-01 -1.259534573505529442e+00 5.648443571453541645e-02
8.446796413960221406e-01 -1.228809532998577980e+00 9.378332668791823645e-02
8.778836132964787931e-01 -1.194818068312150983e+00 1.305482552060436008e-01
9.080943327917536667e-01 -1.157798167861043614e+00 1.665698973710280639e-01
9.351299075730663546e-01 -1.118009810622210942e+00 2.016431612419897490e-01
9.588368736271983828e-01 -1.075732124139759049e+00 2.355683545415086788e-01
9.790918889350102017e-01 -1.031260340293434608e+00 2.681523216186907921e-01
9.958030921578706618e-01 -9.849025835147067198e-01 2.992095431954628348e-01
1.008911110658069266e+00 -9.369765280238533389e-01 3.285631926345936038e-01
1.018389706193510102e+00 -8.878059621331259033e-01 3.560461427155119374e-01
1.024246050754939796e+00 -8.377172986982343028e-01 3.815019171857633729e-01
1.026520629228465431e+00 -7.870360713912635253e-01 4.047855816703715970e-01
1.025286769819004462e+00 -7.360834566060672213e-01 4.257645688666552020e-01
1.020649807413075427e+00 -6.851728604905839015e-01 4.443194333261774043e-01
1.012745889243539033e+00 -6.346066098330129801e-01 4.603445315264313997e-01
1.001740436296676640e+00 -5.846727843193076923e-01 4.737486233602146712e-01
9.878262778268800393e-01 -5.356422260416684455e-01 4.844553916180745490e-01
9.712214800713370177e-01 -4.877657600905741520e-01 4.924038765061038436e-01
9.521668937438942937e-01 -4.412716576296148441e-01 4.975488227251329554e-01
9.309234480939266865e-01 -3.963633700609799360e-01 4.998609371351943609e-01
9.077692222059157157e-01 -3.532175597717226445e-01 4.993270555382282594e-01
8.829963267555981377e-01 -3.119824495425293498e-01 4.959502176294385833e-01
8.569076315998422899e-01 -2.727765090406795712e-01 4.897496496905582863e-01
8.298133763353067183e-01 -2.356874929489886361e-01 4.807606551235628634e-01
8.020277022952414514e-01 -2.007718412469884361e-01 4.690344134480831650e-01
7.738651453493462506e-01 -1.680544480056436196e-01 4.546376889069446703e-01
7.456371293180770188e-01 -1.375288008298823084e-01 4.376524503389070397e-01
7.176484998051839703e-01 -1.091574888325695936e-01 4.181754044828883687e-01
6.901941377905808084e-01 -8.287307279774298874e-02 3.963174453708428469e-01
6.635556914151603536e-01 -5.857930703835099312e-02 3.722030229442100935e-01
6.379984630403262580e-01 -3.615269842178472220e-02 3.459694344887739303e-01
6.137684868931093662e-01 -1.544438417123761634e-02 3.177660429221924043e-01
5.910898304330890474e-01 3.717693603391294607e-03 2.877534263849455543e-01
5.701621500247141539e-01 2.152634209302461965e-02 2.561024639765579480e-01
5.511585285971946080e-01 3.819242925350777723e-02 2.229933628425390113e-01
5.342236197569827372e-01 5.394198388749532613e-02 1.886146321513853530e-01
5.194721193217772814e-01 6.901311810953573989e-02 1.531620098033923405e-01
5.069875815098096039e-01 8.365280799739410744e-02 1.168373479821270683e-01
4.968215930866136110e-01 9.811356986037192418e-02 7.984746389377576914e-02
4.889933146883607695e-01 1.126500707546466140e-01 4.240296223775499168e-02
4.834893943528376647e-01 1.275157126326961210e-01 4.717036112948990410e-03
4.802642540440088537e-01 1.429592298200885458e-01 -3.299574681330942616e-02
4.792407457023513673e-01 1.592213393647390896e-01 -7.052066596245863683e-02
4.803111691393078253e-01 1.765314832028900272e-01 -1.076440703725439485e-01
4.833386399683828882e-01 1.951047000394066366e-01 -1.441545951361103695e-01
4.881587917747267080e-01 2.151386633594159214e-01 -1.798443648222662894e-01
4.945817929150438386e-01 2.368109200907907164e-01 -2.145101770311623191e-01
5.023946547538189478e-01 2.602763621441533393e-01 -2.479546593421944611e-01
5.113638048211377463e-01 2.856649603951188499e-01 -2.799873930687964974e-01
5.212378953596553677e-01 3.130797876728262930e-01 -3.104259974216212470e-01
5.317508150479657303e-01 3.425953540137023912e-01 -3.390971679073331302e-01
5.426248693754296415e-01 3.742562738676060152e-01 -3.658376630508383687e-01
5.535740932256649760e-01 4.080762811458125139e-01 -3.904952338229584208e-01
5.643076577243885117e-01 4.440376040200865182e-01 -4.129294904817706890e-01
5.745333323392334268e-01 4.820907072649033842e-01 -4.330127018922188542e-01
5.839609625966134532e-01 5.221544057275830930e-01 -4.506305227729722751e-01
5.923059236109571302e-01 5.641163482619748759e-01 -4.656826447299265981e-01
5.992925099063706185e-01 6.078338672187416636e-01 -4.780833673696252561e-01
6.046572227469005911e-01 6.531351843977862837e-01 -4.877620862409189351e-01
6.081519173706158021e-01 6.998209602838295629e-01 -4.946636948267466027e-01
6.095467741310429677e-01 7.476661694511284040e-01 -4.987488982972498319e-01
6.086330595689849465e-01 7.964222812829412357e-01 -4.999944372378570812e-01
6.052256458450270271e-01 8.458197216482019609e-01 -4.983932200785172184e-01
5.991652597307899342e-01 8.955705879520561297e-01 -4.939543634700890307e-01
5.903204354535075415e-01 9.453715870653718323e-01 -4.867031403780016641e-01
5.785891490783880986e-01 9.949071630741884720e-01 -4.766808361887148182e-01
5.639001157577693268e-01 1.043852779602738812e+00 -4.639445136482552856e-01
5.462137350336297992e-01 1.091878319678241116e+00 -4.485666879711575072e-01
5.255226734064720739e-01 1.138651564742289901e+00 -4.306349139696155626e-01
5.018520775330326256e-01 1.183841713488300140e+00 -4.102512875535445636e-01
4.752594156401290793e-01 1.227122900727423360e+00 -3.875318644398013102e-01
4.458339489941339218e-01 1.268177676462243664e+00 -3.626059993801987180e-01
4.136958394963956565e-01 1.306700405778731477e+00 -3.356156096704522307e-01
3.789949036360136803e-01 1.342400551047359336e+00 -3.067143671333313337e-01
3.419090270753454286e-01 1.375005799244045201e+00 -2.760668231765364689e-01
3.026422580241101001e-01 1.404264998945679466e+00 -2.438474719068180752e-01
2.614226012307383495e-01 1.429950873703365710e+00 -2.102397566346073943e-01
2.184995378426534685e-01 1.451862481024919216e+00 -1.754350254256665242e-01
1.741412995214446369e-01 1.469827389077511759e+00 -1.396314416464156938e-01
1.286319280085392591e-01 1.483703546419001817e+00 -1.030328557058480254e-01
8.226815378987303862e-02 1.493380823545851666e+00 -6.584764441781290611e-02
3.535612957628170988e-02 1.498782208766914481e+00 -2.828752459189660604e-02
-1.179194402382722877e-02 1.499864644833377891e+00 9.433652392232014933e-03
-5.886126203049236311e-02 1.496619496830964957e+00 4.710111816381227362e-02
-1.055378884167219172e-01 1.489072646024660385e+00 8.450041016092435520e-02
-1.515122194907086717e-01 1.477284208590971204e+00 1.214185926892923373e-01
-1.964823977085486395e-01 1.461347882429643752e+00 1.576454692877506669e-01
-2.401576368570201292e-01 1.441389929467231212e+00 1.929747794976627850e-01
-2.822614205591979508e-01 1.417567805000799819e+00 2.272053732224378064e-01
-3.225345375039199713e-01 1.390068449634195069e+00 2.601423559907891647e-01
-3.607379186668379645e-01 1.359106263185926089e+00 2.915981986031355166e-01
-3.966552440545351721e-01 1.324920783553259263e+00 3.213938048432690708e-01
-4.300952891382709975e-01 1.287774096860396345e+00 3.493595311761824029e-01
-4.608939841201090681e-01 1.247948008261408503e+00 3.753361526263613857e-01
-4.889161624575051879e-01 1.205741005476420158e+00 3.991757693372026128e-01
-5.140569786254846063e-01 1.161465049481175793e+00 4.207426486500241980e-01
-5.362429788775131545e-01 1.115442228719208062e+00 4.399139979082142271e-01
-5.554328127341082721e-01 1.068001314739917662e+00 4.565806635864915197e-01
-5.716175770366016540e-01 1.019474258267509814e+00 4.706477527647511816e-01
-5.848207886054757054e-01 9.701926653625011499e-01 4.820351734080751682e-01
-5.950979857902146675e-01 9.204842935418304783e-01 4.906780903767793967e-01
-6.025359634422418065e-01 8.706696074731127277e-01 4.965272945701837415e-01
-6.072516500356369695e-01 8.210584331564532157e-01 4.995494831023407079e-01
-6.093906397541130060e-01 7.719467483611376357e-01 4.997274489145346887e-01
-6.091253963103914204e-01 7.236136455079238416e-01 4.970601787449697162e-01
-6.066531490205452348e-01 6.763185011983949835e-01 4.915628588978524505e-01
-6.021935051780958892e-01 6.302983842136747894e-01 4.832667887790210171e-01
-5.959858060205317498e-01 5.857657310631260161e-01 4.722192026904146189e-01
-5.882862565172223279e-01 5.429063150904560597e-01 4.584830008980073646e-01
-5.793648617989312077e-01 5.018775317754686771e-01 4.421363915043893811e-01
-5.695022052657034983e-01 4.628070192427134466e-01 4.232724451650304864e-01
-5.589861052263582764e-01 4.257916291450701829e-01 4.019985651834711571e-01
-5.481081883185557890e-01 3.908967590748173015e-01 3.784358760024963964e-01
-5.371604189173189159e-01 3.581560535127987777e-01 3.527185335729778881e-01
-5.264316242510532762e-01 3.275714761051792268e-01 3.249929615268242755e-01
-5.162040550017172880e-01 2.991137518054038935e-01 2.954170175029794398e-01
-5.067500207690315284e-01 2.727231731846639917e-01 2.641590943730270924e-01
-4.983286389321453513e-01 2.483107610460071057e-01 2.313971614836503599e-01
-4.911827341555339288e-01 2.257597654227215811e-01 1.973177513747206846e-01
-4.855359240737644466e-01 2.049274891470992399e-01 1.621148977421867921e-01
-4.815899245717400468e-01 1.856474124856997976e-01 1.259890306925632864e-01
-4.795221055772073138e-01 1.677315938938292728e-01 8.914583557898976551e-02
-4.794833254292164004e-01 1.509733187845714308e-01 5.179508191612078316e-02
-4.815960687124957729e-01 1.351499653723424732e-01 1.414942904155950566e-02
-4.859529089894584208e-01 1.200260541699991745e-01 -2.357678467615127726e-02
-4.926153141583669015e-01 1.053564456203599092e-01 -6.116876218922772529e-02
-5.016128082602483440e-01 9.088964865153084660e-02 -9.841247073385075983e-02
-5.129424994930997794e-01 7.637120168002919929e-02 -1.350958604418898146e-01
-5.265689800161337253e-01 6.154708676072513651e-02 -1.710100716628337736e-01
-5.424245988869577095e-01 4.616713720761518591e-02 -2.059506241219947464e-01
-5.604101052190626486e-01 2.998839908855172390e-02 -2.397185811444039472e-01
-5.803956544243834559e-01 1.277840752944950711e-02 -2.721216823157892040e-01
-6.022221662642391893e-01 -5.681660256962085993e-03 -3.029754381317729117e-01
-6.257030194188787364e-01 -2.559399188723545174e-02 -3.321041804028064259e-01
-6.506260634469936965e-01 -4.714134150227957537e-02 -3.593420624342678060e-01
-6.767559253858066448e-01 -7.048445884140719375e-02 -3.845340032871575886e-01
-7.038365848808553205e-01 -9.575977568799859396e-02 -4.075365707431307660e-01
-7.315941886710048969e-01 -1.230773767285841536e-01 -4.282187979466720584e-01
-7.597400725232432706e-01 -1.525192786065637796e-01 -4.464629290747837986e-01
-7.879739563447983874e-01 -1.841380374187240598e-01 -4.621650897886533937e-01
-8.159872762240757416e-01 -2.179557011375249376e-01 -4.752358786500553434e-01
-8.434666155892233119e-01 -2.539631194879144460e-01 -4.856008761351879865e-01
-8.700971965419364018e-01 -2.921196197092650881e-01 -4.932010683478569857e-01
-8.955663917369973692e-01 -3.323530524378568995e-01 -4.979931830195520881e-01
-9.195672169430657572e-01 -3.745602077010202202e-01 -4.999499358833744411e-01
-9.418017646400189680e-01 -4.186075967691787469e-01 -4.990601860190732042e-01
-9.619845396801007809e-01 -4.643325914149947220e-01 -4.953289992847159651e-01
-9.798456591566246932e-01 -5.115449080277555405e-01 -4.887776194738435165e-01
-9.951338801723744742e-01 -5.600284200727472239e-01 -4.794433473623252451e-01
-1.007619421162148310e+00 -6.095432786149852511e-01 -4.673793283335757609e-01
-1.017096544778075762e+00 -6.598283170874230663e-01 -4.526542497912990903e-01
-1.023385873065173479e+00 -7.106037132160096803e-01 -4.353519500825642763e-01
-1.026336408707229753e+00 -7.615738780551593035e-01 -4.155709411578470402e-01
-1.025827239474679908e+00 -8.124305394711068828e-01 -3.934238476857959133e-01
-1.021768906618172768e+00 -8.628559851672448211e-01 -3.690367658161700648e-01
-1.014104421783028176e+00 -9.125264285003651388e-01 -3.425485452418918220e-01
-1.002809921026875717e+00 -9.611154589111416957e-01 -3.141099986478221306e-01
-9.878949486596040330e-01 -1.008297537802189225e+00 -2.838830430473543998e-01
-9.694023678443006720e-01 -1.053751500154294751e+00 -2.520397778956637302e-01
-9.474078991517708159e-01 -1.097164022081860590e+00 -2.187615052284530570e-01
-9.220192925009247364e-01 -1.138233014893579087e+00 -1.842376974051269101e-01
-8.933751420945827970e-01 -1.176670907039519154e+00 -1.486649183335875257e-01
-8.616433580270931314e-01 -1.212207776581992080e+00 -1.122457043187870263e-01
-8.270193121504068046e-01 -1.244594298510481201e+00 -7.518741090697017571e-02
-7.897236794941011606e-01 -1.273604473311287677e+00 -3.770103229120196076e-02
-7.500000000000019984e-01 -1.299038105676656674e+00 -4.898587196589412829e-16
-7.081119885140289005e-01 -1.320723005067653277e+00 3.770103229119921295e-02
-6.643406238401483588e-01 -1.338516882997824675e+00 7.518741090696745566e-02
-6.189810501715119484e-01 -1.352308925344588575e+00 1.122457043187843340e-01
-5.723393263430119893e-01 -1.362021021683200717e+00 1.486649183335848889e-01
-5.247290600735308175e-01 -1.367608637531945392e+00 1.842376974051243288e-01
-4.764679656653215134e-01 -1.369061319452409053e+00 2.187615052284505590e-01
-4.278743844874355329e-01 -1.366402827119098884e+00 2.520397778956613988e-01
-3.792638079801987638e-01 -1.359690890710635536e+00 2.838830430473521238e-01
-3.309454428735520981e-01 -1.349016596231913168e+00 3.141099986478199657e-01
-2.832188578144886337e-01 -1.334503405604415605e+00 3.425485452418898236e-01
-2.363707496531985697e-01 -1.316305822512011448e+00 3.690367658161681774e-01
-1.906718662549392318e-01 -1.294607719014690739e+00 3.934238476857942479e-01
-1.463741209007894117e-01 -1.269620341796929175e+00 4.155709411578464851e-01
-1.037079311360335071e-01 -1.241580020556563912e+00 4.353519500825629440e-01
-6.287981234500608640e-02 -1.210745604422904353e+00 4.526542497912979246e-01
-2.407025340556074797e-02 -1.177395655380486739e+00 4.673793283335747617e-01
1.256810146192349764e-02 -1.141825430432231947e+00 4.794433473623244679e-01
4.691194404970037285e-02 -1.104343686631425792e+00 4.887776194738429614e-01
7.886844986960163395e-02 -1.065269345118347033e+00 4.953289992847156320e-01
1.083760693007450315e-01 -1.024928051891861758e+00 4.990601860190730377e-01
1.354049533556708484e-01 -9.836486742105643444e-01 4.999499358833744411e-01
1.599570094320120761e-01 -9.417597722387374137e-01 4.979931830195523101e-01
1.820655866588944960e-01 -8.995860858215739553e-01 4.932010683478574298e-01
2.017947946937343473e-01 -8.574450760883112199e-01 4.856008761351885972e-01
2.192384640272904694e-01 -8.156435609436850642e-01 4.752358786500561760e-01
2.345187599647728938e-01 -7.744744824244909065e-01 4.621650897886544485e-01
2.477844664214593762e-01 -7.342138423814453807e-01 4.464629290747850199e-01
2.592089594574006894e-01 -6.951178410144502884e-01 4.282187979466735017e-01
2.689878940339213154e-01 -6.574202504637047806e-01 4.075365707431323758e-01
2.773366307642459727e-01 -6.213300529664604888e-01 3.845340032871593650e-01
2.844874324140451161e-01 -5.870293700605045961e-01 3.593420624342697489e-01
2.906864625508397415e-01 -5.546717059849971543e-01 3.321041804028084798e-01
2.961906210139171880e-01 -5.243805248354105331e-01 3.029754381317750767e-01
3.012642527526039893e-01 -4.962481772128868318e-01 2.721216823157900366e-01
3.061757680390432834e-01 -4.703351881129441137e-01 2.397185811444063896e-01
3.111942130852753396e-01 -4.466699136698834560e-01 2.059506241219972722e-01
3.165858306717796444e-01 -4.252485701584707845e-01 1.710100716628363549e-01
3.226106505189991203e-01 -4.060356344016979313e-01 1.350958604418924514e-01
3.295191488033911154e-01 -3.889646104912639624e-01 9.841247073385346600e-02
3.375490154388480213e-01 -3.739391535442193049e-01 6.116876218923045921e-02
3.469220665219551192e-01 -3.608345371428192117e-01 2.357678467615402854e-02
3.578413376892830566e-01 -3.494994471815665027e-01 -1.414942904155675092e-02
3.704883920756927851e-01 -3.397580811204571338e-01 -5.179508191611804230e-02
3.850208741179138583e-01 -3.314125281591508432e-01 -8.914583557898704547e-02
4.015703376453328977e-01 -3.242454026429094638e-01 -1.259890306925606218e-01
4.202403735720283140e-01 -3.180227001242835749e-01 -1.621148977421841830e-01
4.411050590862581888e-01 -3.124968429676311943e-01 -1.973177513747197687e-01
4.642077465649607215e-01 -3.074098802255573193e-01 -2.313971614836479174e-01
4.895602065631360356e-01 -3.024968047619410738e-01 -2.641590943730247609e-01
5.171421351856100301e-01 -2.974889492653247647e-01 -2.954170175029772194e-01
5.469010319877770643e-01 -2.921174219043266018e-01 -3.249929615268221661e-01
5.787524503199195092e-01 -2.861165419334909532e-01 -3.527185335729759452e-01
6.125806177750721115e-01 -2.792272355687268615e-01 -3.784358760024945645e-01
6.482394201715695470e-01 -2.712003529160137427e-01 -4.019985651834694917e-01
6.855537383467925627e-01 -2.617998676500026267e-01 -4.232724451650289876e-01
7.243211230056505467e-01 -2.508059224902007833e-01 -4.421363915043880488e-01
7.643137890019423564e-01 -2.380176852959356160e-01 -4.584830008980062543e-01
8.052809067772932483e-01 -2.232559827771640193e-01 -4.722192026904137307e-01
8.469511652823716874e-01 -2.063656813713915794e-01 -4.832667887790202954e-01
8.890355775974956298e-01 -1.872177877384237077e-01 -4.915628588978519509e-01
9.312304976901221165e-01 -1.657112445411017265e-01 -4.970601787449694386e-01
9.732208143265922429e-01 -1.417744006749452057e-01 -4.997274489145346332e-01
1.014683286122751493e+00 -1.153661388426537454e-01 -4.995494831023408189e-01
1.055289980095859281e+00 -8.647664729815808526e-02 -4.965272945701840190e-01
1.094711774886901967e+00 -5.512782666436494283e-02 -4.906780903767799518e-01
1.132621889071995902e+00 -2.137332691234395191e-02 -4.820351734080758899e-01
1.168699394682259474e+00 1.470178617034568862e-02 -4.706477527647520698e-01
1.202632676207000317e+00 5.298173144677440632e-02 -4.565806635864926855e-01
1.234122795963520591e+00 9.332107205063362720e-02 -4.399139979082155594e-01
1.262886727771188600e+00 1.355461222582420022e-01 -4.207426486500256968e-01
1.288660422355923263e+00 1.794566857292065887e-01 -3.991757693372042781e-01
1.311201669816625559e+00 2.248281054312636362e-01 -3.753361526263632175e-01
1.330292726785800017e+00 2.714136019884375584e-01 -3.493595311761843458e-01
1.345742678586372421e+00 3.189468738810834481e-01 -3.213938048432711803e-01
1.357389509694969298e+00 3.671449299191543725e-01 -2.915981986031377371e-01
1.365101859134421725e+00 4.157111217408357984e-01 -2.601423559907915517e-01
1.368780440997236392e+00 4.643383417878489405e-01 -2.272053732224402489e-01
1.368359114106193264e+00 5.127123503025934337e-01 -1.929747794976653386e-01
1.363805588804941182e+00 5.605151934027379212e-01 -1.576454692877532759e-01
1.355121762994726087e+00 6.074286732327647265e-01 -1.214185926892950157e-01
1.342343683746231475e+00 6.531378305816785135e-01 -8.450041016092532664e-02
1.325541135069946863e+00 6.973344001982617613e-01 -4.710111816381502142e-02
1.304816856675744319e+00 7.397201993320486890e-01 -9.433652392234771408e-03
1.280305402744161825e+00 7.800104107760075234e-01 2.828752459189385476e-02
1.252171653820300268e+00 8.179367228773972709e-01 6.584764441781017219e-02
1.220608998879652241e+00 8.532502906026644407e-01 1.030328557058453331e-01
1.185837208358559769e+00 8.857244837723595721e-01 1.396314416464130570e-01
1.148100022447758661e+00 9.151573909993547806e-01 1.754350254256639430e-01
1.107662482175501228e+00 9.413740506409107311e-01 2.102397566346048963e-01
1.064808033720233693e+00 9.642283831804032701e-01 2.438474719068156882e-01
1.019835438958600404e+00 9.836048028524908560e-01 2.760668231765341929e-01
9.730555274432389767e-01 9.994194899773019003e-01 3.067143671333291133e-01
9.247878267916224138e-01 1.011621309333174290e+00 3.356156096704489000e-01
8.753571098315615640e-01 1.020192363929576018e+00 3.626059993801980519e-01
8.250898977755374286e-01 1.025148177695810459e+00 3.875318644397995338e-01
7.743109591740541253e-01 1.026537504829756031e+00 4.102512875535419545e-01
7.233398444224923285e-01 1.024441767805861048e+00 4.306349139696150630e-01
6.724874951660129163e-01 1.018974130274226120e+00 4.485666879711562860e-01
6.220529670680904344e-01 1.010278215244585498e+00 4.639445136482536203e-01
5.723203030901631294e-01 9.985264829929996200e-01 4.766808361887145407e-01
5.235555926878739941e-01 9.839182870085165789e-01 4.867031403780009979e-01
4.760042501832542072e-01 9.666776299679954443e-01 4.939543634700886421e-01
4.298885430467139224e-01 9.470506451477386234e-01 4.983932200785171074e-01
3.854053979464943103e-01 9.253028318112602735e-01 4.999944372378570256e-01
3.427245092293595419e-01 9.017160759179043694e-01 4.987488982972499985e-01
3.019867710213126610e-01 8.765854899450864490e-01 4.946636948267472689e-01
2.633030504204690869e-01 8.502161076794568784e-01 4.877620862409195457e-01
2.267533153387849831e-01 8.229194714860271764e-01 4.780833673696260888e-01
1.923861264795033443e-01 7.950101507900853015e-01 4.656826447299282634e-01
1.602184987597483068e-01 7.668022312908738813e-01 4.506305227729726637e-01
1.302361332501995872e-01 7.386058147591573197e-01 4.330127018922202420e-01
1.023940164547780529e-01 7.107235691494611096e-01 4.129294904817732426e-01
7.661737954132347150e-02 6.834473681832676784e-01 3.904952338229590314e-01
5.280300600733976030e-02 6.570550585381397246e-01 3.658376630508402561e-01
3.082087227040744906e-02 6.318073913214719006e-01 3.390971679073351841e-01
1.051610185627888973e-02 6.079451526330101885e-01 3.104259974216219686e-01
-8.288789737318540823e-03 5.856865257485337484e-01 2.799873930687987733e-01
-2.579138575547254564e-02 5.652247148143977329e-01 2.479546593421968481e-01
-4.220662376532937493e-02 5.467258569590799366e-01 2.145101770311663991e-01
-5.776384808187962766e-02 5.303272464373404160e-01 1.798443648222688707e-01
-7.270369335232146346e-02 5.161358908629445352e-01 1.441545951361130062e-01
-8.727483554820464340e-02 5.042274157974908633e-01 1.076440703725483616e-01
-1.017306481367277332e-01 4.946453299892041855e-01 7.052066596246048258e-02
-1.163258022923483737e-01 4.874006594417397698e-01 3.299574681331218090e-02
-1.313128506548266461e-01 4.824719542862582755e-01 -4.717036112945345756e-03
-1.469388343325408186e-01 4.798056681782022492e-01 -4.240296223775402024e-02
-1.634419525882442326e-01 4.793169056918485382e-01 -7.984746389377304909e-02
-1.810483339312584650e-01 4.808905289894254143e-01 -1.168373479821235156e-01
-1.999689461836539339e-01 4.843826109451679907e-01 -1.531620098033913968e-01
-2.203966815013876646e-01 4.896222179549730158e-01 -1.886146321513836321e-01
-2.425036503328173720e-01 4.964135019043758312e-01 -2.229933628425357361e-01
-2.664387159092412860e-01 5.045380772442678019e-01 -2.561024639765540623e-01
-2.923252981125190608e-01 5.137576558753866873e-01 -2.877534263849440554e-01
-3.202594724846506424e-01 5.238169096061494612e-01 -3.177660429221902949e-01
-3.503083867687838415e-01 5.344465273574553477e-01 -3.459694344887706552e-01
-3.825090137388790779e-01 5.453664320721004488e-01 -3.722030229442088722e-01
-4.168672552278098742e-01 5.562891204708683146e-01 -3.963174453708411260e-01
-4.533574082449102760e-01 5.669230874027950673e-01 -4.181754044828863703e-01
-4.919219999297246293e-01 5.769762955794160986e-01 -4.376524503389061516e-01
-5.324719938665285479e-01 5.861596509730484517e-01 -4.546376889069435046e-01
-5.748873660320859003e-01 5.941904441030462225e-01 -4.690344134480819438e-01
-6.190180444157418194e-01 6.007957178320182390e-01 -4.807606551235626413e-01
-6.646852021847818870e-01 6.057155231418814845e-01 -4.897496496905579533e-01
-7.116828902165215354e-01 6.087060256474282616e-01 -4.959502176294380837e-01
-7.597799909280158470e-01 6.095424273181038188e-01 -4.993270555382282039e-01
-8.087224716493816024e-01 6.080216699974556605e-01 -4.998609371351944164e-01
-8.582359123492593334e-01 6.039648898099237995e-01 -4.975488227251332329e-01
-9.080282793703270405e-01 5.972195943976115196e-01 -4.924038765061046208e-01
-9.577929140051690826e-01 5.876615381030690921e-01 -4.844553916180750486e-01
-1.007211702270234710e+00 5.751962736713772673e-01 -4.737486233602155594e-01
-1.055958390146674031e+00 5.597603627466606335e-01 -4.603445315264327875e-01
-1.103702006875031838e+00 5.413222313421282017e-01 -4.443194333261782925e-01
-1.150110357635813596e+00 5.198826605243141996e-01 -4.257645688666566453e-01
-1.194853546133765931e+00 4.954749067250076577e-01 -4.047855816703737619e-01
-1.237607487239815951e+00 4.681644503305475435e-01 -3.815019171857639835e-01
-1.278057369935324816e+00 4.380483754495886894e-01 -3.560461427155138803e-01
-1.315901031347429972e+00 4.052543879783377379e-01 -3.285631926345963238e-01
-1.350852203655594552e+00 3.699394832184620396e-01 -2.992095431954636675e-01
-1.382643597077002573e+00 3.322882783102965032e-01 -2.681523216186924019e-01
-1.411029783985623842e+00 2.925110285765267215e-01 -2.355683545415110935e-01
-1.435789851465595124e+00 2.508413504857657794e-01 -2.016431612419938846e-01
-1.456729792218619535e+00 2.075336772998190027e-01 -1.665698973710298403e-01
-1.473684606707211797e+00 1.628604765247542441e-01 -1.305482552060462653e-01
-1.486520092687271033e+00 1.171092610091993835e-01 -9.378332668792181692e-02
-1.495134301827121925e+00 7.057942789254074978e-02 -5.648443571453727607e-02
-1.499458646885584834e+00 2.357896157375091034e-02 -1.886394633936054957e-02
-1.499458646885585278e+00 -2.357896157374641394e-02 1.886394633935552928e-02
-1.495134301827121925e+00 -7.057942789253626725e-02 5.648443571453581197e-02
-1.486520092687272143e+00 -1.171092610091949843e-01 9.378332668791689031e-02
-1.473684606707213796e+00 -1.628604765247473607e-01 1.305482552060414081e-01
-1.456729792218620645e+00 -2.075336772998147006e-01 1.665698973710284525e-01
-1.435789851465597788e+00 -2.508413504857618381e-01 2.016431612419892772e-01
-1.411029783985626951e+00 -2.925110285765230023e-01 2.355683545415066804e-01
-1.382643597077006126e+00 -3.322882783102929505e-01 2.681523216186881275e-01
-1.350852203655596551e+00 -3.699394832184582649e-01 2.992095431954624463e-01
-1.315901031347434413e+00 -4.052543879783347403e-01 3.285631926345925491e-01
-1.278057369935329701e+00 -4.380483754495859694e-01 3.560461427155103276e-01
-1.237607487239817505e+00 -4.681644503305463778e-01 3.815019171857630398e-01
-1.194853546133771482e+00 -4.954749067250057148e-01 4.047855816703707643e-01
-1.150110357635820035e+00 -5.198826605243104249e-01 4.257645688666539807e-01
-1.103702006875034725e+00 -5.413222313421254261e-01 4.443194333261776263e-01
-1.055958390146680692e+00 -5.597603627466577469e-01 4.603445315264308446e-01
-1.007211702270240705e+00 -5.751962736713766011e-01 4.737486233602139496e-01
-9.577929140051719692e-01 -5.876615381030669827e-01 4.844553916180746600e-01
-9.080282793703320365e-01 -5.972195943976130739e-01 4.924038765061037326e-01
-8.582359123492653286e-01 -6.039648898099241325e-01 4.975488227251327333e-01
-8.087224716493885968e-01 -6.080216699974548833e-01 4.998609371351942499e-01
-7.597799909280188446e-01 -6.095424273181023755e-01 4.993270555382283149e-01
-7.116828902165283077e-01 -6.087060256474280395e-01 4.959502176294387499e-01
-6.646852021847873271e-01 -6.057155231418828167e-01 4.897496496905589525e-01
-6.190180444157444839e-01 -6.007957178320172398e-01 4.807606551235630299e-01
-5.748873660320898971e-01 -5.941904441030488870e-01 4.690344134480836646e-01
-5.324719938665333219e-01 -5.861596509730502280e-01 4.546376889069456140e-01
-4.919219999297281820e-01 -5.769762955794147663e-01 4.376524503389068732e-01
-4.533574082449146059e-01 -5.669230874027969547e-01 4.181754044828890904e-01
-4.168672552278148702e-01 -5.562891204708695359e-01 3.963174453708441791e-01
-3.825090137388802991e-01 -5.453664320721007819e-01 3.722030229442098714e-01
-3.503083867687873387e-01 -5.344465273574572350e-01 3.459694344887742634e-01
-3.202594724846548058e-01 -5.238169096061506824e-01 3.177660429221941807e-01
-2.923252981125220584e-01 -5.137576558753883527e-01 2.877534263849481633e-01
-2.664387159092448942e-01 -5.045380772442686901e-01 2.561024639765583366e-01
-2.425036503328198423e-01 -4.964135019043771080e-01 2.229933628425402325e-01
-2.203966815013908009e-01 -4.896222179549737374e-01 1.886146321513882951e-01
-1.999689461836546833e-01 -4.843826109451681572e-01 1.531620098033928123e-01
-1.810483339312603523e-01 -4.808905289894259694e-01 1.168373479821284006e-01
-1.634419525882467861e-01 -4.793169056918485937e-01 7.984746389377801734e-02
-1.469388343325422897e-01 -4.798056681782018607e-01 4.240296223775548434e-02
-1.313128506548289498e-01 -4.824719542862576649e-01 4.717036112950367781e-03
-1.163258022923497476e-01 -4.874006594417391036e-01 -3.299574681330716408e-02
-1.017306481367291765e-01 -4.946453299892036859e-01 -7.052066596245902541e-02
-8.727483554820507361e-02 -5.042274157974897530e-01 -1.076440703725434628e-01
-7.270369335232279573e-02 -5.161358908629427589e-01 -1.441545951361082045e-01
-5.776384808188196607e-02 -5.303272464373383066e-01 -1.798443648222641800e-01
-4.220662376533083904e-02 -5.467258569590776052e-01 -2.145101770311618750e-01
-2.579138575547513731e-02 -5.652247148143951794e-01 -2.479546593421924905e-01
-8.288789737320258200e-03 -5.856865257485309728e-01 -2.799873930687946655e-01
1.051610185627705092e-02 -6.079451526330093003e-01 -3.104259974216208584e-01
3.082087227040650537e-02 -6.318073913214684589e-01 -3.390971679073314649e-01
5.280300600733749822e-02 -6.570550585381361719e-01 -3.658376630508368144e-01
7.661737954132008532e-02 -6.834473681832670122e-01 -3.904952338229580877e-01
1.023940164547753190e-01 -7.107235691494573349e-01 -4.129294904817704115e-01
1.302361332501953128e-01 -7.386058147591536560e-01 -4.330127018922177440e-01
1.602184987597470855e-01 -7.668022312908726601e-01 -4.506305227729720531e-01
1.923861264794998749e-01 -7.950101507900813047e-01 -4.656826447299264315e-01
2.267533153387797373e-01 -8.229194714860236237e-01 -4.780833673696245900e-01
2.633030504204661448e-01 -8.502161076794563233e-01 -4.877620862409192681e-01
3.019867710213068879e-01 -8.765854899450833404e-01 -4.946636948267465472e-01
3.427245092293551010e-01 -9.017160759179008167e-01 -4.987488982972496654e-01
3.854053979464879820e-01 -9.253028318112574979e-01 -4.999944372378570812e-01
4.298885430467120905e-01 -9.470506451477376242e-01 -4.983932200785172184e-01
4.760042501832490447e-01 -9.666776299679923357e-01 -4.939543634700894192e-01
5.235555926878669997e-01 -9.839182870085148025e-01 -4.867031403780021637e-01
5.723203030901594657e-01 -9.985264829930000641e-01 -4.766808361887149847e-01
6.220529670680831069e-01 -1.010278215244584388e+00 -4.639445136482554521e-01
6.724874951660073652e-01 -1.018974130274224343e+00 -4.485666879711585064e-01
7.233398444224865553e-01 -1.024441767805863490e+00 -4.306349139696157846e-01
7.743109591740503506e-01 -1.026537504829753367e+00 -4.102512875535448411e-01
8.250898977755319885e-01 -1.025148177695810014e+00 -3.875318644398026979e-01
8.753571098315561239e-01 -1.020192363929579571e+00 -3.626059993801990511e-01
9.247878267916171957e-01 -1.011621309333174512e+00 -3.356156096704526193e-01
9.730555274432320934e-01 -9.994194899773043428e-01 -3.067143671333331101e-01
1.019835438958595519e+00 -9.836048028524921882e-01 -2.760668231765383562e-01
1.064808033720229474e+00 -9.642283831804052685e-01 -2.438474719068185192e-01
1.107662482175498564e+00 -9.413740506409105091e-01 -2.102397566346094482e-01
1.148100022447754442e+00 -9.151573909993571121e-01 -1.754350254256686337e-01
1.185837208358554884e+00 -8.857244837723647901e-01 -1.396314416464161656e-01
1.220608998879649132e+00 -8.532502906026676603e-01 -1.030328557058485112e-01
1.252171653820295605e+00 -8.179367228774027110e-01 -6.584764441781515432e-02
1.280305402744159160e+00 -7.800104107760114092e-01 -2.828752459189709523e-02
1.304816856675742320e+00 -7.397201993320525748e-01 9.433652392231525741e-03
1.325541135069946419e+00 -6.973344001982636486e-01 4.710111816381001848e-02
1.342343683746229477e+00 -6.531378305816825103e-01 8.450041016092388335e-02
1.355121762994723644e+00 -6.074286732327716098e-01 1.214185926892918654e-01
1.363805588804941182e+00 -5.605151934027425842e-01 1.576454692877485020e-01
1.368359114106192598e+00 -5.127123503026006501e-01 1.929747794976607034e-01
1.368780440997237280e+00 -4.643383417878511055e-01 2.272053732224373623e-01
1.365101859134423057e+00 -4.157111217408406834e-01 2.601423559907872218e-01
1.357389509694970187e+00 -3.671449299191615889e-01 2.915981986031336293e-01
1.345742678586373753e+00 -3.189468738810880000e-01 3.213938048432686823e-01
1.330292726785801127e+00 -2.714136019884443862e-01 3.493595311761820144e-01
1.311201669816628446e+00 -2.248281054312682437e-01 3.753361526263598869e-01
1.288660422355924817e+00 -1.794566857292131112e-01 3.991757693372023352e-01
1.262886727771191042e+00 -1.355461222582438341e-01 4.207426486500239204e-01
1.234122795963524810e+00 -9.332107205063765176e-02 4.399139979082131724e-01
1.202632676207002982e+00 -5.298173144678028357e-02 4.565806635864913532e-01
1.168699394682262582e+00 -1.470178617034923439e-02 4.706477527647510151e-01
1.132621889072000787e+00 2.137332691233862977e-02 4.820351734080745576e-01
1.094711774886907074e+00 5.512782666436190360e-02 4.906780903767789526e-01
1.055289980095862612e+00 8.647664729815518481e-02 4.965272945701836860e-01
1.014683286122756600e+00 1.153661388426530793e-01 4.995494831023405968e-01
9.732208143265975719e-01 1.417744006749430130e-01 4.997274489145347998e-01
9.312304976901262243e-01 1.657112445410978407e-01 4.970601787449697717e-01
8.890355775974992936e-01 1.872177877384216538e-01 4.915628588978525615e-01
8.469511652823773495e-01 2.063656813713886928e-01 4.832667887790215722e-01
8.052809067772969120e-01 2.232559827771623817e-01 4.722192026904147855e-01
7.643137890019457981e-01 2.380176852959341727e-01 4.584830008980075866e-01
7.243211230056550987e-01 2.508059224902013939e-01 4.421363915043904358e-01
6.855537383467958934e-01 2.617998676500015165e-01 4.232724451650307640e-01
6.482394201715732107e-01 2.712003529160116333e-01 4.019985651834714346e-01
6.125806177750765524e-01 2.792272355687266394e-01 3.784358760024978396e-01
5.787524503199240611e-01 2.861165419334897875e-01 3.527185335729794979e-01
5.469010319877793957e-01 2.921174219043269904e-01 3.249929615268246086e-01
5.171421351856135828e-01 2.974889492653247092e-01 2.954170175029812717e-01
4.895602065631387001e-01 3.024968047619418510e-01 2.641590943730290353e-01
4.642077465649629420e-01 3.074098802255567087e-01 2.313971614836507762e-01
4.411050590862607979e-01 3.124968429676298620e-01 1.973177513747227663e-01
4.202403735720305344e-01 3.180227001242833529e-01 1.621148977421889292e-01
4.015703376453351181e-01 3.242454026429081315e-01 1.259890306925637582e-01
3.850208741179146910e-01 3.314125281591506766e-01 8.914583557899023736e-02
3.704883920756942839e-01 3.397580811204564677e-01 5.179508191612303830e-02
3.578413376892848330e-01 3.494994471815650039e-01 1.414942904155999485e-02
3.469220665219562294e-01 3.608345371428182125e-01 -2.357678467615078807e-02
3.375490154388492980e-01 3.739391535442171399e-01 -6.116876218922547709e-02
3.295191488033915594e-01 3.889646104912620750e-01 -9.841247073384853938e-02
3.226106505190005080e-01 4.060356344016957109e-01 -1.350958604418893427e-01
3.165858306717792003e-01 4.252485701584691191e-01 -1.710100716628316364e-01
3.111942130852755617e-01 4.466699136698808470e-01 -2.059506241219926925e-01
3.061757680390446712e-01 4.703351881129413936e-01 -2.397185811444035308e-01
3.012642527526045444e-01 4.962481772128843893e-01 -2.721216823157873166e-01
2.961906210139181317e-01 5.243805248354064252e-01 -3.029754381317710799e-01
2.906864625508403521e-01 5.546717059849943787e-01 -3.321041804028060374e-01
2.844874324140458932e-01 5.870293700605015985e-01 -3.593420624342674730e-01
2.773366307642451956e-01 6.213300529664566030e-01 -3.845340032871561453e-01
2.689878940339223146e-01 6.574202504637015609e-01 -4.075365707431304885e-01
2.592089594574030764e-01 6.951178410144466246e-01 -4.282187979466718364e-01
2.477844664214600978e-01 7.342138423814403847e-01 -4.464629290747827994e-01
2.345187599647761967e-01 7.744744824244884640e-01 -4.621650897886538933e-01
2.192384640272920793e-01 8.156435609436814005e-01 -4.752358786500551768e-01
2.017947946937358183e-01 8.574450760883058908e-01 -4.856008761351874314e-01
1.820655866588946070e-01 8.995860858215688483e-01 -4.932010683478565971e-01
1.599570094320143798e-01 9.417597722387336390e-01 -4.979931830195520326e-01
1.354049533556748730e-01 9.836486742105586822e-01 -4.999499358833743856e-01
1.083760693007475712e-01 1.024928051891856429e+00 -4.990601860190733707e-01
7.886844986960649118e-02 1.065269345118343480e+00 -4.953289992847160206e-01
4.691194404970160103e-02 1.104343686631422683e+00 -4.887776194738436275e-01
1.256810146192686994e-02 1.141825430432227062e+00 -4.794433473623259112e-01
-2.407025340555505807e-02 1.177395655380483852e+00 -4.673793283335759274e-01
-6.287981234500231165e-02 1.210745604422901467e+00 -4.526542497912993124e-01
-1.037079311360272205e-01 1.241580020556560138e+00 -4.353519500825653865e-01
-1.463741209007854704e-01 1.269620341796928509e+00 -4.155709411578472623e-01
-1.906718662549326260e-01 1.294607719014689184e+00 -3.934238476857962463e-01
-2.363707496531962937e-01 1.316305822512008117e+00 -3.690367658161715636e-01
-2.832188578144839708e-01 1.334503405604413162e+00 -3.425485452418934873e-01
-3.309454428735451037e-01 1.349016596231912501e+00 -3.141099986478225192e-01
-3.792638079801939344e-01 1.359690890710634203e+00 -2.838830430473562316e-01
-4.278743844874282054e-01 1.366402827119098440e+00 -2.520397778956657286e-01
-4.764679656653168505e-01 1.369061319452409053e+00 -2.187615052284535011e-01
-5.247290600735262656e-01 1.367608637531946059e+00 -1.842376974051273542e-01
-5.723393263430096578e-01 1.362021021683200050e+00 -1.486649183335896907e-01
-6.189810501715075075e-01 1.352308925344589907e+00 -1.122457043187874981e-01
-6.643406238401416974e-01 1.338516882997827340e+00 -7.518741090697066143e-02
-7.081119885140247927e-01 1.320723005067655054e+00 -3.770103229120422283e-02
-7.499999999999957812e-01 1.299038105676660448e+00 -9.797174393178825657e-16
-7.897236794940973859e-01 1.273604473311290119e+00 3.770103229119872029e-02
-8.270193121504034739e-01 1.244594298510484309e+00 7.518741090696520746e-02
-8.616433580270923542e-01 1.212207776581994079e+00 1.122457043187821274e-01
-8.933751420945799104e-01 1.176670907039522485e+00 1.486649183335844171e-01
-9.220192925009202956e-01 1.138233014893584860e+00 1.842376974051222471e-01
-9.474078991517689285e-01 1.097164022081865253e+00 2.187615052284485329e-01
-9.694023678442966752e-01 1.053751500154300524e+00 2.520397778956609547e-01
-9.878949486596023677e-01 1.008297537802193444e+00 2.838830430473517352e-01
-1.002809921026875051e+00 9.611154589111469138e-01 3.141099986478182449e-01
-1.014104421783028620e+00 9.125264285003680254e-01 3.425485452418894905e-01
-1.021768906618171879e+00 8.628559851672492620e-01 3.690367658161678444e-01
-1.025827239474679242e+00 8.124305394711143213e-01 3.934238476857928046e-01
-1.026336408707228420e+00 7.615738780551630782e-01 4.155709411578462076e-01
-1.023385873065172369e+00 7.106037132160160086e-01 4.353519500825627220e-01
-1.017096544778078648e+00 6.598283170874267300e-01 4.526542497912969809e-01
-1.007619421162150530e+00 6.095432786149906912e-01 4.673793283335739845e-01
-9.951338801723744742e-01 5.600284200727535522e-01 4.794433473623243569e-01
-9.798456591566274687e-01 5.115449080277607585e-01 4.887776194738424618e-01
-9.619845396801031123e-01 4.643325914150015499e-01 4.953289992847152989e-01
-9.418017646400207443e-01 4.186075967691829103e-01 4.990601860190730377e-01
-9.195672169430668674e-01 3.745602077010258268e-01 4.999499358833744966e-01
-8.955663917370016991e-01 3.323530524378597306e-01 4.979931830195525322e-01
-8.700971965419385112e-01 2.921196197092687519e-01 4.932010683478575408e-01
-8.434666155892251993e-01 2.539631194879193865e-01 4.856008761351887637e-01
-8.159872762240796273e-01 2.179557011375286013e-01 4.752358786500568977e-01
-7.879739563448003858e-01 1.841380374187285007e-01 4.621650897886546150e-01
-7.597400725232457130e-01 1.525192786065666384e-01 4.464629290747852419e-01
-7.315941886710086717e-01 1.230773767285870540e-01 4.282187979466746675e-01
-7.038365848808593173e-01 9.575977568800002337e-02 4.075365707431337081e-01
-6.767559253858088653e-01 7.048445884140946971e-02 3.845340032871596980e-01
-6.506260634469970272e-01 4.714134150228294073e-02 3.593420624342713032e-01
-6.257030194188820671e-01 2.559399188723746402e-02 3.321041804028101452e-01
-6.022221662642411877e-01 5.681660256964982114e-03 3.029754381317754652e-01
-5.803956544243852322e-01 -1.277840752944780535e-02 2.721216823157919240e-01
-5.604101052190652021e-01 -2.998839908855017306e-02 2.397185811444083603e-01
-5.424245988869590418e-01 -4.616713720761463774e-02 2.059506241219977163e-01
-5.265689800161349465e-01 -6.154708676072368628e-02 1.710100716628368267e-01
-5.129424994931015558e-01 -7.637120168002695109e-02 1.350958604418946440e-01
-5.016128082602493432e-01 -9.088964865152945882e-02 9.841247073385393784e-02
-4.926153141583678452e-01 -1.053564456203576472e-01 6.116876218923095188e-02
-4.859529089894588094e-01 -1.200260541699986333e-01 2.357678467615629408e-02
-4.815960687124959949e-01 -1.351499653723409744e-01 -1.414942904155448537e-02
-4.794833254292167890e-01 -1.509733187845690439e-01 -5.179508191611755658e-02
-4.795221055772069807e-01 -1.677315938938275242e-01 -8.914583557898481114e-02
-4.815899245717398247e-01 -1.856474124856970498e-01 -1.259890306925584291e-01
-4.855359240737641136e-01 -2.049274891470973803e-01 -1.621148977421837112e-01
-4.911827341555337623e-01 -2.257597654227186668e-01 -1.973177513747176870e-01
-4.983286389321434640e-01 -2.483107610460054127e-01 -2.313971614836458912e-01
-5.067500207690307512e-01 -2.727231731846616603e-01 -2.641590943730243723e-01
-5.162040550017170659e-01 -2.991137518054004518e-01 -2.954170175029768308e-01
-5.264316242510514998e-01 -3.275714761051759516e-01 -3.249929615268204453e-01
-5.371604189173188049e-01 -3.581560535127950029e-01 -3.527185335729756122e-01
-5.481081883185550119e-01 -3.908967590748141929e-01 -3.784358760024942869e-01
-5.589861052263570551e-01 -4.257916291450650204e-01 -4.019985651834681595e-01
-5.695022052657008338e-01 -4.628070192427100604e-01 -4.232724451650278219e-01
-5.793648617989305416e-01 -5.018775317754650134e-01 -4.421363915043878268e-01
-5.882862565172215508e-01 -5.429063150904501756e-01 -4.584830008980053662e-01
-5.959858060205301955e-01 -5.857657310631209091e-01 -4.722192026904130091e-01
-6.021935051780967774e-01 -6.302983842136696824e-01 -4.832667887790201844e-01
-6.066531490205440136e-01 -6.763185011983895434e-01 -4.915628588978515623e-01
-6.091253963103903102e-01 -7.236136455079182905e-01 -4.970601787449691611e-01
-6.093906397541118958e-01 -7.719467483611343050e-01 -4.997274489145345777e-01
-6.072516500356375246e-01 -8.210584331564486638e-01 -4.995494831023408744e-01
-6.025359634422430277e-01 -8.706696074731057333e-01 -4.965272945701842966e-01
-5.950979857902157777e-01 -9.204842935418260375e-01 -4.906780903767800073e-01
-5.848207886054787030e-01 -9.701926653624955987e-01 -4.820351734080760009e-01
-5.716175770366024311e-01 -1.019474258267504041e+00 -4.706477527647528469e-01
-5.554328127341109367e-01 -1.068001314739914775e+00 -4.565806635864921303e-01
-5.362429788775132655e-01 -1.115442228719204953e+00 -4.399139979082157814e-01
-5.140569786254863827e-01 -1.161465049481170242e+00 -4.207426486500269180e-01
-4.889161624575094622e-01 -1.205741005476414163e+00 -3.991757693372056659e-01
-4.608939841201118992e-01 -1.247948008261404729e+00 -3.753361526263635506e-01
-4.300952891382760490e-01 -1.287774096860391237e+00 -3.493595311761859556e-01
-3.966552440545358937e-01 -1.324920783553255932e+00 -3.213938048432729011e-01
-3.607379186668415172e-01 -1.359106263185923202e+00 -2.915981986031381257e-01
-3.225345375039261331e-01 -1.390068449634191738e+00 -2.601423559907919403e-01
-2.822614205592017256e-01 -1.417567805000796932e+00 -2.272053732224422751e-01
-2.401576368570268460e-01 -1.441389929467228992e+00 -1.929747794976657826e-01
-1.964823977085515816e-01 -1.461347882429642198e+00 -1.576454692877537478e-01
-1.515122194907143061e-01 -1.477284208590969428e+00 -1.214185926892972084e-01
-1.055378884167250536e-01 -1.489072646024659941e+00 -8.450041016092581236e-02
-5.886126203049683869e-02 -1.496619496830964513e+00 -4.710111816381550714e-02
-1.179194402383438971e-02 -1.499864644833377669e+00 -9.433652392237036957e-03
3.535612957627721348e-02 -1.498782208766914703e+00 2.828752459189159268e-02
8.226815378986593319e-02 -1.493380823545852554e+00 6.584764441780968647e-02
1.286319280085361783e-01 -1.483703546419002928e+00 1.030328557058431127e-01
1.741412995214391135e-01 -1.469827389077513979e+00 1.396314416464108643e-01
2.184995378426505541e-01 -1.451862481024920770e+00 1.754350254256634989e-01
2.614226012307342972e-01 -1.429950873703367931e+00 2.102397566346044522e-01
3.026422580241038829e-01 -1.404264998945683018e+00 2.438474719068136898e-01
3.419090270753417649e-01 -1.375005799244047866e+00 2.760668231765337488e-01
3.789949036360090173e-01 -1.342400551047362889e+00 3.067143671333287247e-01
4.136958394963938801e-01 -1.306700405778735696e+00 3.356156096704485114e-01
4.458339489941293698e-01 -1.268177676462246550e+00 3.626059993801977188e-01
4.752594156401274139e-01 -1.227122900727426469e+00 3.875318644397992562e-01
5.018520775330307382e-01 -1.183841713488305247e+00 4.102512875535416770e-01
5.255226734064684102e-01 -1.138651564742296118e+00 4.306349139696130091e-01
5.462137350336276898e-01 -1.091878319678245335e+00 4.485666879711560640e-01
5.639001157577674395e-01 -1.043852779602745029e+00 4.639445136482533982e-01
5.785891490783885427e-01 -9.949071630741940231e-01 4.766808361887133194e-01
5.903204354535054321e-01 -9.453715870653768283e-01 4.867031403780008869e-01
5.991652597307907113e-01 -8.955705879520596824e-01 4.939543634700885311e-01
6.052256458450274712e-01 -8.458197216482079561e-01 4.983932200785168298e-01
6.086330595689830592e-01 -7.964222812829465648e-01 4.999944372378570256e-01
6.095467741310434118e-01 -7.476661694511321787e-01 4.987488982972500540e-01
6.081519173706164683e-01 -6.998209602838356691e-01 4.946636948267473244e-01
6.046572227469013683e-01 -6.531351843977899474e-01 4.877620862409196567e-01
5.992925099063703964e-01 -6.078338672187463265e-01 4.780833673696261998e-01
5.923059236109579073e-01 -5.641163482619808711e-01 4.656826447299284299e-01
5.839609625966151185e-01 -5.221544057275877559e-01 4.506305227729744400e-01
5.745333323392333158e-01 -4.820907072649078806e-01 4.330127018922204640e-01
5.643076577243908432e-01 -4.440376040200902374e-01 4.129294904817735201e-01
5.535740932256664193e-01 -4.080762811458168438e-01 3.904952338229615294e-01
5.426248693754309738e-01 -3.742562738676085687e-01 3.658376630508405891e-01
5.317508150479666185e-01 -3.425953540137052222e-01 3.390971679073355172e-01
5.212378953596564779e-01 -3.130797876728304008e-01 3.104259974216251883e-01
5.113638048211385234e-01 -2.856649603951212923e-01 2.799873930687992174e-01
5.023946547538190588e-01 -2.602763621441564479e-01 2.479546593421972644e-01
4.945817929150453374e-01 -2.368109200907927148e-01 2.145101770311668432e-01
4.881587917747268746e-01 -2.151386633594182807e-01 1.798443648222693148e-01
4.833386399683833323e-01 -1.951047000394079689e-01 1.441545951361134781e-01
4.803111691393083249e-01 -1.765314832028918590e-01 1.076440703725488474e-01
4.792407457023514783e-01 -1.592213393647416708e-01 7.052066596246447938e-02
4.802642540440086871e-01 -1.429592298200900724e-01 3.299574681331266662e-02
4.834893943528371651e-01 -1.275157126326979806e-01 -4.717036112944856564e-03
4.889933146883601034e-01 -1.126500707546475438e-01 -4.240296223774998874e-02
4.968215930866127783e-01 -9.811356986037376993e-02 -7.984746389377257725e-02
5.069875815098087157e-01 -8.365280799739457929e-02 -1.168373479821230437e-01
5.194721193217755051e-01 -6.901311810953709991e-02 -1.531620098033875665e-01
5.342236197569816269e-01 -5.394198388749779638e-02 -1.886146321513831881e-01
5.511585285971928316e-01 -3.819242925350930379e-02 -2.229933628425352921e-01
5.701621500247117114e-01 -2.152634209302674295e-02 -2.561024639765536182e-01
5.910898304330877151e-01 -3.717693603392534935e-03 -2.877534263849436669e-01
6.137684868931073678e-01 1.544438417123518079e-02 -3.177660429221899063e-01
6.379984630403229273e-01 3.615269842178146786e-02 -3.459694344887703221e-01
6.635556914151560237e-01 5.857930703834861308e-02 -3.722030229442061522e-01
6.901941377905785879e-01 8.287307279773936664e-02 -3.963174453708408485e-01
7.176484998051809727e-01 1.091574888325675813e-01 -4.181754044828860928e-01
7.456371293180724669e-01 1.375288008298784503e-01 -4.376524503389042087e-01
7.738651453493436971e-01 1.680544480056413437e-01 -4.546376889069432825e-01
8.020277022952383428e-01 2.007718412469851332e-01 -4.690344134480817773e-01
8.298133763353031656e-01 2.356874929489833903e-01 -4.807606551235615311e-01
8.569076315998408466e-01 2.727765090406762960e-01 -4.897496496905578423e-01
8.829963267555956952e-01 3.119824495425237987e-01 -4.959502176294380282e-01
9.077692222059118299e-01 3.532175597717189253e-01 -4.993270555382280373e-01
9.309234480939262424e-01 3.963633700609754396e-01 -4.998609371351944164e-01
9.521668937438924063e-01 4.412716576296115134e-01 -4.975488227251332884e-01
9.712214800713341312e-01 4.877657600905691004e-01 -4.924038765061047318e-01
9.878262778268807054e-01 5.356422260416625614e-01 -4.844553916180751596e-01
1.001740436296675973e+00 5.846727843193032514e-01 -4.737486233602157260e-01
1.012745889243538366e+00 6.346066098330069849e-01 -4.603445315264330095e-01
1.020649807413072763e+00 6.851728604905787945e-01 -4.443194333261801243e-01
1.025286769819005128e+00 7.360834566060617812e-01 -4.257645688666568673e-01
1.026520629228464543e+00 7.870360713912594175e-01 -4.047855816703740395e-01
1.024246050754939130e+00 8.377172986982286407e-01 -3.815019171857665925e-01
1.018389706193512767e+00 8.878059621331195750e-01 -3.560461427155142133e-01
1.008911110658070154e+00 9.369765280238484539e-01 -3.285631926345967124e-01
9.958030921578723271e-01 9.849025835147008356e-01 -2.992095431954668872e-01
9.790918889350115339e-01 1.031260340293431721e+00 -2.681523216186927905e-01
9.588368736272014914e-01 1.075732124139754164e+00 -2.355683545415115376e-01
9.351299075730663546e-01 1.118009810622208278e+00 -2.016431612419943287e-01
9.080943327917567753e-01 1.157798167861040506e+00 -1.665698973710302844e-01
8.778836132964840111e-01 1.194818068312146098e+00 -1.305482552060467372e-01
8.446796413960242500e-01 1.228809532998575316e+00 -9.378332668792230264e-02
8.086907284530747697e-01 1.259534573505525668e+00 -5.648443571454129369e-02
7.701493031605175510e-01 1.286779799340281194e+00 -1.886394633936103876e-02
7.293093437250731670e-01 1.310358760914028808e+00 1.886394633935504009e-02
6.864435733740572587e-01 1.330114001398064350e+00 5.648443571453179435e-02
6.418404512912530002e-01 1.345918794007772590e+00 9.378332668791640458e-02
5.958009934107386663e-01 1.357678544836899315e+00 1.305482552060409362e-01
5.486354594268691987e-01 1.365331845160860924e+00 1.665698973710246222e-01
5.006599438925354306e-01 1.368851161107973669e+00 2.016431612419888331e-01
4.521929103584285681e-01 1.368243152716283717e+00 2.355683545415062363e-01
4.035517081419980889e-01 1.363548618603729334e+00 2.681523216186877390e-01
3.550491114977310514e-01 1.354842066733164874e+00 2.992095431954620577e-01
3.069899206893664800e-01 1.342230916002188357e+00 3.285631926345921605e-01
2.596676637418219302e-01 1.325854337582714537e+00 3.560461427155099945e-01
2.133614364848801237e-01 1.305881749028783512e+00 3.815019171857604308e-01
1.683329169053076613e-01 1.282510978116270906e+00 4.047855816703704868e-01
1.248235878168134083e-01 1.255966117130382198e+00 4.257645688666537587e-01
8.305219946196204517e-02 1.226495091832713324e+00 4.443194333261757389e-01
4.321250090314417841e-02 1.194366972579674169e+00 4.603445315264306781e-01
5.471265973563798485e-03 1.159869057990689178e+00 4.737486233602126728e-01
-3.003336382170510369e-02 1.123303764144740757e+00 4.844553916180736608e-01
-6.319320070100388487e-02 1.084985354488188003e+00 4.924038765061036771e-01
-9.393098139462957574e-02 1.045236547439544861e+00 4.975488227251323448e-01
-1.222009764445422669e-01 1.004385040058438650e+00 4.998609371351942499e-01
-1.479892312778956220e-01 9.627599870898266854e-01 4.993270555382283149e-01
-1.713134365390698577e-01 9.206884751899635511e-01 4.959502176294392495e-01
-1.922224294150565727e-01 8.784920321825639977e-01 4.897496496905590635e-01
-2.107953319195609299e-01 8.364832107810080686e-01 4.807606551235631409e-01
-2.271403362631526368e-01 7.949622853500415420e-01 4.690344134480850524e-01
-2.413931514828137059e-01 7.542140989786956240e-01 4.546376889069457805e-01
-2.537151293883471714e-01 7.145050964092997114e-01 4.376524503389070953e-01
-2.642910915602706967e-01 6.760805762353708781e-01 4.181754044828913108e-01
-2.733268825627666598e-01 6.391621932686146756e-01 3.963174453708445122e-01
-2.810466776762787777e-01 6.039457391104524620e-01 3.722030229442101490e-01
-2.876900762715395854e-01 5.705992257792458222e-01 3.459694344887772055e-01
-2.935090144084572250e-01 5.392612937773895165e-01 3.177660429221945138e-01
-2.987645323205672110e-01 5.100399622719964388e-01 2.877534263849456653e-01
-3.037234341154700368e-01 4.830117351512477897e-01 2.561024639765618338e-01
-3.086548782643748767e-01 4.582210726508698651e-01 2.229933628425406766e-01
-3.138269382555917697e-01 4.356802340674787444e-01 1.886146321513854363e-01
-3.195031731381227091e-01 4.153694928356338467e-01 1.531620098033966426e-01
-3.259392475785491960e-01 3.972377209920332497e-01 1.168373479821288724e-01
-3.333796404983679351e-01 3.812033358314768083e-01 7.984746389377499198e-02
-3.420544803558182578e-01 3.671555974235564679e-01 4.240296223775950890e-02
-3.521765436980084929e-01 3.549562416535633202e-01 4.717036112950857840e-03
-3.639384517516585094e-01 3.444414296216512517e-01 -3.299574681331022413e-02
-3.775100975656215940e-01 3.354239906244657066e-01 -7.052066596245502861e-02
-3.930363335911019607e-01 3.276959325946002255e-01 -1.076440703725429909e-01
-4.106349466160582051e-01 3.210311908235367606e-01 -1.441545951361043187e-01
-4.303949436928449224e-01 3.151885830779230235e-01 -1.798443648222637359e-01
-4.523751691497123195e-01 3.099149368682879158e-01 -2.145101770311614309e-01
-4.766032689983410453e-01 3.049483526702428948e-01 -2.479546593421889655e-01
-5.030750150838155799e-01 3.000215653534132332e-01 -2.799873930687942214e-01
-5.317539972159319728e-01 2.948653649601847837e-01 -3.104259974216204698e-01
-5.625716873183680411e-01 2.892120373077665674e-01 -3.390971679073285228e-01
-5.954278753827653148e-01 2.827987846705323216e-01 -3.658376630508364813e-01
-6.301914727669859495e-01 2.753710870374547759e-01 -3.904952338229578102e-01
-6.667016741791602641e-01 2.666859651293712052e-01 -4.129294904817681355e-01
-7.047694655894273241e-01 2.565151074942534914e-01 -4.330127018922174664e-01
-7.441794613563592620e-01 2.446478255632908716e-01 -4.506305227729718310e-01
-7.846920500904535078e-01 2.308938025281078998e-01 -4.656826447299249327e-01
-8.260458252451502448e-01 2.150856042672831814e-01 -4.780833673696244790e-01
-8.679602731673672356e-01 1.970809232816708445e-01 -4.877620862409191571e-01
-9.101386883919199144e-01 1.767645296612561923e-01 -4.946636948267459366e-01
-9.522712833603963478e-01 1.540499064667760210e-01 -4.987488982972496099e-01
-9.940384575154755931e-01 1.288805505283212027e-01 -4.999944372378570256e-01
-1.035114188891734566e+00 1.012309234995372315e-01 -4.983932200785175515e-01
-1.075169509914038590e+00 7.110704201594061913e-02 -4.939543634700894748e-01
-1.113876028141378649e+00 3.854669994314420534e-02 -4.867031403780014420e-01
-1.150909452168544345e+00 3.619319918814240152e-03 -4.766808361887162060e-01
-1.185953082825854432e+00 -3.357456435815069085e-02 -4.639445136482556742e-01
-1.218701230199638719e+00 -7.290418940401333092e-02 -4.485666879711571187e-01
-1.248862517828956964e+00 -1.142097969364229415e-01 -4.306349139696178385e-01
-1.276163036707082643e+00 -1.573042086585441091e-01 -4.102512875535451187e-01
-1.300349313415658736e+00 -2.019747230316087383e-01 -3.875318644398052514e-01
-1.321191058825689657e+00 -2.479853125326648700e-01 -3.626059993802018266e-01
-1.338483666288013740e+00 -2.950790964455541898e-01 -3.356156096704530079e-01
-1.352050431079246717e+00 -3.429810610700500528e-01 -3.067143671333362742e-01
-1.361744466033940837e+00 -3.914009963915496826e-01 -2.760668231765387448e-01
-1.367450291744342294e+00 -4.400366157652709775e-01 -2.438474719068189356e-01
-1.369085083406235581e+00 -4.885768230624515929e-01 -2.102397566346131119e-01
-1.366599560290409743e+00 -5.367050900255589951e-01 -1.754350254256691055e-01
-1.359978507880001741e+00 -5.841029053051490783e-01 -1.396314416464166375e-01
-1.349240926888189751e+00 -6.304532558163312705e-01 -1.030328557058524663e-01
-1.334439807610172002e+00 -6.754441006684462900e-01 -6.584764441781564004e-02
-1.315661532320441918e+00 -7.187717979909010735e-01 -2.828752459189758442e-02
-1.293024912651918656e+00 -7.601444455013232071e-01 9.433652392227483835e-03
-1.266679873039455062e+00 -7.992850966326997542e-01 4.710111816380953276e-02
-1.236805795329510183e+00 -8.359348154429762090e-01 8.450041016092339763e-02
-1.203609543504021051e+00 -8.698555353581989280e-01 1.214185926892879380e-01
-1.167323191096395041e+00 -9.008326890269001685e-01 1.576454692877480301e-01
-1.128201477249175300e+00 -9.286775791646292300e-01 1.929747794976635344e-01
-1.086519020438041938e+00 -9.532294632129484357e-01 2.272053732224337541e-01
-1.042567321630506694e+00 -9.743573278933548298e-01 2.601423559907868333e-01
-9.966515910281332769e-01 -9.919613332667677197e-01 2.915981986031361273e-01
-9.490874345318439653e-01 -1.005973909672172928e+00 3.213938048432655736e-01
-9.001974376475339046e-01 -1.016360494871951792e+00 3.493595311761816813e-01
-8.503076856965189334e-01 -1.023119902830138761e+00 3.753361526263618853e-01
-7.997442598984250139e-01 -1.026284319747209572e+00 3.991757693371998927e-01
-7.488297491457078792e-01 -1.025918927222931432e+00 4.207426486500236984e-01
-6.978798170860160965e-01 -1.022121156668574837e+00 4.399139979082112295e-01
-6.471998634728980404e-01 -1.015019583293144123e+00 4.565806635864896879e-01
-5.970818176456622606e-01 -1.004772472097160252e+00 4.706477527647508485e-01
-5.478011004665290784e-01 -9.915659922748452093e-01 4.820351734080734474e-01
-4.996137890966927952e-01 -9.756121202061939224e-01 4.906780903767788971e-01
-4.527540166536237476e-01 -9.571462547712690228e-01 4.965272945701835750e-01
-4.074316360871210740e-01 -9.364245719991108885e-01 4.995494831023404303e-01
-3.638301745724861203e-01 -9.137211490360832578e-01 4.997274489145347998e-01
-3.221051013797353035e-01 -8.893248900490252629e-01 4.970601787449698272e-01
-2.823824285769563347e-01 -8.635362889368202177e-01 4.915628588978532831e-01
-2.447576601042824596e-01 -8.366640655850661190e-01 4.832667887790217387e-01
-2.092951007567661059e-01 -8.090217138402887587e-01 4.722192026904149520e-01
-1.760275324847261347e-01 -7.809240003863947566e-01 4.584830008980091964e-01
-1.449562612067235579e-01 -7.526834542656714033e-01 4.421363915043906578e-01
-1.160515330810940327e-01 -7.246068868927163509e-01 4.232724451650309860e-01
-8.925331494521443476e-02 -6.969919820610863681e-01 4.019985651834738216e-01
-6.447242945652029156e-02 -6.701239946435451067e-01 3.784358760024981727e-01
-4.159203140260513826e-02 -6.442725954462881210e-01 3.527185335729773330e-01
-2.046940773672675448e-02 -6.196888980095088817e-01 3.249929615268277172e-01
-9.380801838965213734e-04 -5.966027010707303235e-01 2.954170175029816603e-01
1.718981420589290807e-02 -5.752199779466047325e-01 2.641590943730264263e-01
3.412089236718145874e-02 -5.557206412715666177e-01 2.313971614836543567e-01
5.007767506927272849e-02 -5.382566083903527199e-01 1.973177513747232104e-01
6.529555050173369013e-02 -5.229501892713819267e-01 1.621148977421860427e-01
8.001958692640417925e-02 -5.098928151286097332e-01 1.259890306925676717e-01
9.450123145929201218e-02 -4.991441220529801992e-01 8.914583557899072308e-02
1.089949333535213810e-01 -4.907313999050285092e-01 5.179508191611999213e-02
1.237547310232114395e-01 -4.846494125539088094e-01 1.414942904156403676e-02
1.390308424675012478e-01 -4.808605913128182752e-01 -2.357678467615029541e-02
1.550662987195162990e-01 -4.792955991645776459e-01 -6.116876218922146641e-02
1.720936594568555911e-01 -4.798542591427930049e-01 -9.841247073384805366e-02
1.903318489740981889e-01 -4.824068360817260204e-01 -1.350958604418888709e-01
2.099831493443524710e-01 -4.867956569191930760e-01 -1.710100716628278339e-01
2.312303858016802882e-01 -4.928370508774970182e-01 -2.059506241219922484e-01
2.542343371800185325e-01 -5.003235872014942798e-01 -2.397185811444030867e-01
2.791314016717756918e-01 -5.090265847423321999e-01 -2.721216823157838749e-01
3.060315452503186706e-01 -5.186988645784456065e-01 -3.029754381317706913e-01
3.350165568680370520e-01 -5.290777140977591664e-01 -3.321041804028056488e-01
3.661386310329451388e-01 -5.398880285582212668e-01 -3.593420624342646974e-01
3.994192946215585627e-01 -5.508455941250497423e-01 -3.845340032871558122e-01
4.348486908469315626e-01 -5.616604747757044658e-01 -4.075365707431302109e-01
4.723852292136007103e-01 -5.720404642858613053e-01 -4.282187979466697270e-01
5.119556061017799253e-01 -5.816945637748774933e-01 -4.464629290747825774e-01
5.534551963800224961e-01 -5.903364450057659862e-01 -4.621650897886536713e-01
5.967488121967794434e-01 -5.976878598061547976e-01 -4.752358786500539001e-01
6.416718208954845792e-01 -6.034819566003940539e-01 -4.856008761351873204e-01
6.880316098830409066e-01 -6.074664661123074794e-01 -4.932010683478570967e-01
7.356093823049789648e-01 -6.094067198008769060e-01 -4.979931830195516440e-01
7.841622635873901626e-01 -6.090884665095388506e-01 -4.999499358833743856e-01
8.334256953392708001e-01 -6.063204551226816230e-01 -4.990601860190732042e-01
8.831160898104903900e-01 -6.009367537033496465e-01 -4.953289992847165757e-01
9.329337151069212464e-01 -5.927987786036683637e-01 -4.887776194738437385e-01
9.825657787104481455e-01 -5.817970103594856113e-01 -4.794433473623250230e-01
1.031689674567702664e+00 -5.678523767654984900e-01 -4.673793283335773707e-01
1.079976357123077380e+00 -5.509172873354819533e-01 -4.526542497912994789e-01
1.127093804201196203e+00 -5.309763073405536771e-01 -4.353519500825673849e-01
1.172710529608010699e+00 -5.080464637417697604e-01 -4.155709411578495382e-01
1.216499105729612618e+00 -4.821771795435859098e-01 -3.934238476857965239e-01
1.258139656271363815e+00 -4.534498373447652386e-01 -3.690367658161742836e-01
1.297323279597511370e+00 -4.219769771040525197e-01 -3.425485452418938204e-01
1.333755363900424262e+00 -3.879011373207718050e-01 -3.141099986478229078e-01
1.367158756639794026e+00 -3.513933529084473650e-01 -2.838830430473595623e-01
1.397276752331728877e+00 -3.126513269648082405e-01 -2.520397778956661172e-01
1.423875864817086612e+00 -2.718972973705506280e-01 -2.187615052284539174e-01
1.446748352574450891e+00 -2.293756226383704966e-01 -1.842376974051311289e-01
1.465714468437591567e+00 -1.853501146436837832e-01 -1.486649183335901347e-01
1.480624408198602415e+00 -1.401011487626015739e-01 -1.122457043187879838e-01
1.491359935990552055e+00 -9.392258448734616683e-02 -7.518741090697465823e-02
1.497835668008125287e+00 -4.711853175636979835e-02 -3.770103229120470856e-02
1.500000000000000000e+00 -1.836970198721029983e-15 -1.469576158976823750e-15
