1.500000000000000000e+00 0.000000000000000000e+00 0.000000000000000000e+00
1.488138580587488269e+00 1.881858045732452689e-01 3.144716658033875310e-03
1.452742536249500782e+00 3.733904846428335866e-01 6.289308919370528890e-03
1.394373512288742401e+00 5.526802972719147000e-01 9.433652392233544959e-03
1.313957644083191711e+00 7.232155070995315294e-01 1.257762269468792361e-02
1.212770813639123313e+00 8.822955133220796720e-01 1.572109545956030044e-02
1.092418339502308822e+00 1.027401758158834388e+00 1.886394633935858933e-02
9.548094243958272775e-01 1.156237732803728546e+00 2.200605101119083168e-02
8.021267686466946323e-01 1.266765443295325921e+00 2.514728518168309057e-02
6.367918346193977008e-01 1.357237755360831466e+00 2.828752459189617235e-02
4.614263167568699586e-01 1.426226103199365047e+00 3.142664502224096906e-02
2.788104323280031771e-01 1.472643121307042113e+00 3.456452229739227083e-02
9.183869862765085823e-02 1.495759839622191611e+00 3.770103229120079502e-02
-9.652609763917652241e-02 1.495217169181191741e+00 4.083605093160331406e-02
-2.833000043708078231e-01 1.471031496729934274e+00 4.396945420553062533e-02
-4.655253301315194769e-01 1.423594300869574614e+00 4.710111816381312710e-02
-6.403176360081014318e-01 1.353665797818932370e+00 5.023091892608397280e-02
-8.049115441973350160e-01 1.262362720219015744e+00 5.335873268567944278e-02
-9.567046334327931056e-01 1.151140426060147659e+00 5.648443571453641565e-02
-1.093298722198636774e+00 1.021769625279151050e+00 5.960790436808667547e-02
-1.212537882686433477e+00 8.763080974048396143e-01 6.272901509014801313e-02
-1.312542580950817772e+00 7.170678534514334235e-01 6.584764441781179589e-02
-1.391739400865177112e+00 5.465782677953879842e-01 6.896366898632678988e-02
-1.448885880269394688e+00 3.675457698627024317e-01 7.207696553397914541e-02
-1.483090065999511653e+00 1.828107400786233849e-01 7.518741090696834384e-02
-1.493824479035707364e+00 -4.697701180569109451e-03 7.829488206427882846e-02
-1.480934270442326506e+00 -1.920082896469695322e-01 8.139925608254715284e-02
-1.444639441666164537e+00 -3.761548545649999742e-01 8.450041016092453561e-02
-1.385531097616664820e+00 -5.542234440007709484e-01 8.759822162593448869e-02
-1.304561796253215000e+00 -7.233985869016602566e-01 9.069256793632553271e-02
-1.203030152623395965e+00 -8.810079550469589460e-01 9.378332668791856952e-02
-1.082559946923228322e+00 -1.024564714101205753e+00 9.687037561844881461e-02
-9.450740737202099062e-01 -1.151806890401551042e+00 9.995359261240228943e-02
-7.927637515924526035e-01 -1.260733128271236403e+00 1.030328557058462768e-01
-6.280534877812827821e-01 -1.349634270773581335e+00 1.061080430912539341e-01
-4.535623598286870339e-01 -1.417120263965709892e+00 1.091790331223227162e-01
-2.720622345022045696e-01 -1.462141959795877799e+00 1.122457043187862907e-01
-8.643359267151641545e-02 -1.484007474603192378e+00 1.153079353712200689e-01
1.003803335730448082e-01 -1.482392847407522973e+00 1.183656051458398667e-01
2.854203789725581752e-01 -1.457346833418323051e+00 1.214185926892935724e-01
4.657584711770239028e-01 -1.409289761978891553e+00 1.244667772334458050e-01
6.385441151072126509e-01 -1.339006482992573188e+00 1.275100382001552179e-01
8.010495952555458654e-01 -1.247633520229633586e+00 1.305482552060441004e-01
9.507131768056704679e-01 -1.136640642277284785e+00 1.335813080672606512e-01
1.085179619152669916e+00 -1.007807150793204265e+00 1.366090768042329262e-01
1.202337359049520105e+00 -8.631932697346860195e-01 1.396314416464150276e-01
1.300351774479716394e+00 -7.051070970209775135e-01 1.426482830370248700e-01
1.377694003586898974e+00 -5.360676504063217607e-01 1.456594816377735913e-01
1.433164864556426776e+00 -3.587646010780340955e-01 1.486649183335861379e-01
1.465913501085549964e+00 -1.760153406685671384e-01 1.516644742373133292e-01
1.475450462728459700e+00 9.279930841285635376e-03 1.546580306944344285e-01
1.461655018597251665e+00 1.941843781058895935e-01 1.576454692877512220e-01
1.424776595205667018e+00 3.757712268398813449e-01 1.606266718420718276e-01
1.365430323177125427e+00 5.511702388321561008e-01 1.636015204288857883e-01
1.284586771595636279e+00 7.176132252072767725e-01 1.665698973710287856e-01
1.183556041451174545e+00 8.724778739350553813e-01 1.695316852473375824e-01
1.063966479437768120e+00 1.013329195484818035e+00 1.724867668972952239e-01
9.277383588685990112e-01 1.137957929507539934e+00 1.754350254256652475e-01
7.770529543144897300e-01 1.244415304867047878e+00 1.783763442071158445e-01
6.143175094796811120e-01 1.331043604424262838e+00 1.813106068908334478e-01
4.421266626442770797e-01 1.396502053745954264e+00 1.842376974051249394e-01
2.632209497000171927e-01 1.439787628263843544e+00 1.871574999620094215e-01
8.044305050695216286e-02 1.460250455132988234e+00 1.900698990617983308e-01
-1.033075207136001650e-01 1.457603572811999593e+00 1.929747794976643394e-01
-2.851205565033505529e-01 1.431926901814391195e+00 1.958720263601986533e-01
-4.621213922501706262e-01 1.383665372706539110e+00 1.987615250419564605e-01
-6.315165003540706978e-01 1.313621250766624060e+00 2.016431612419906094e-01
-7.906377170628585693e-01 1.222940789274803652e+00 2.045168209703729367e-01
-9.369843996046048895e-01 1.113095433696949632e+00 2.073823905527034661e-01
-1.068262845473193945e+00 9.858578856106903210e-01 2.102397566346071445e-01
-1.182422350574571013e+00 8.432734167229729572e-01 2.130888061862176441e-01
-1.277687337677773760e+00 6.876268984469718903e-01 2.159294265066486473e-01
-1.352585050343151574e+00 5.214060800510796900e-01 2.187615052284521411e-01
-1.405968379183657246e+00 3.472617072961369233e-01 2.215849303220630562e-01
-1.437033465791654141e+00 1.679651228115157380e-01 2.243995901002310556e-01
-1.445331813664552545e+00 -1.363597154645028800e-02 2.272053732224386946e-01
-1.430776723632314340e+00 -1.946628820635020185e-01 2.300021686993054815e-01
-1.393643962209160536e+00 -3.722516953021254849e-01 2.327898658969785317e-01
-1.334566663499626937e+00 -5.435987249882867633e-01 2.355683545415089009e-01
-1.254524557306750498e+00 -7.060049102631948958e-01 2.383375247232137062e-01
-1.154827706444769841e+00 -8.569184600890141779e-01 2.410972669010238434e-01
-1.037095023507037306e+00 -9.939750680086397727e-01 2.438474719068172425e-01
-9.032279200914091755e-01 -1.115035061612520861e+00 2.465880309497371914e-01
-7.553795184243939920e-01 -1.218216901295563259e+00 2.493188356204957268e-01
-5.959199252323906792e-01 -1.301926502368927041e+00 2.520397778956622870e-01
-4.273981294787468910e-01 -1.364881922353833765e+00 2.547507501419365994e-01
-2.525011382476735622e-01 -1.406133030224644864e+00 2.574516451204063028e-01
-7.401100778687463855e-02 -1.425075855271449754e+00 2.601423559907894423e-01
1.052395411426946675e-01 -1.421461398810170085e+00 2.628227763156603669e-01
2.824122134098687731e-01 -1.395398780800729099e+00 2.654928000646601394e-01
4.547082152950618905e-01 -1.347352684111935206e+00 2.681523216186912362e-01
6.194125979290004969e-01 -1.278135150239593454e+00 2.708012357740949838e-01
7.739371637487908462e-01 -1.188891870283371954e+00 2.734394377468136739e-01
9.158612559041492407e-01 -1.081083202479828476e+00 2.760668231765350811e-01
1.042969785929248827e+00 -9.564602311792225198e-01 2.786832881308210497e-01
1.153287900597084414e+00 -8.170362605133487666e-01 2.812887291092185382e-01
1.245111743938859705e+00 -6.650542078888390662e-01 2.838830430473539002e-01
1.317034834036485913e+00 -5.029504267202692391e-01 2.864661273210099557e-01
1.367969645342746121e+00 -3.333155434793195204e-01 2.890378797501853558e-01
1.397164064793349869e+00 -1.588529403108909221e-01 2.915981986031366269e-01
1.404212472591853667e+00 1.766444956137805389e-02 2.941469826004025068e-01
1.389061284936777829e+00 1.934383411991355828e-01 2.966841309188101850e-01
1.352008884728061799e+00 3.656895855524218142e-01 2.992095431954633900e-01
1.293699956010317953e+00 5.317022360083244470e-01 3.017231195317130465e-01
1.215114327144697581e+00 6.888664931695258620e-01 3.042247604971085040e-01
1.117550515022696089e+00 8.347198468988461517e-01 3.067143671333308896e-01
1.002604246651272568e+00 9.669857652461202324e-01 3.091918409581076443e-01
8.721423138136216169e-01 1.083609320763579964e+00 3.116570839691082950e-01
7.282721899857852454e-01 1.182789195233543866e+00 3.141099986478211314e-01
5.733079051063389997e-01 1.263005563142577170e+00 3.165504879634106206e-01
4.097327321111448040e-01 1.323043421366020267e+00 3.189784553765558917e-01
2.401592884466777489e-01 1.362011006379951983e+00 3.213938048432696259e-01
6.728769530037830016e-02 1.379353019693237536e+00 3.237964408186970178e-01
-1.061375335703862582e-01 1.374858465804595919e+00 3.261862682608954178e-01
-2.773711832042913272e-01 1.348662993488285444e+00 3.285631926345942699e-01
-4.437109115458833242e-01 1.301245719204528584e+00 3.309271199149340092e-01
-6.025400127678313122e-01 1.233420599504719384e+00 3.332779565911859754e-01
-7.513686912620338720e-01 1.146322506047102729e+00 3.356156096704513425e-01
-8.878731935399445385e-01 1.041388240871778725e+00 3.379399866813395104e-01
-1.009932181417264818e+00 9.203328095679784715e-01 3.402509956776261779e-01
-1.115659775734394010e+00 7.851213446339407875e-01 3.425485452418904342e-01
-1.203434754718120558e+00 6.379371395016663060e-01 3.448325444891309211e-01
-1.271925454016508583e+00 4.811463143044838464e-01 3.471029030703612350e-01
-1.320109985405893083e+00 3.172596865584913495e-01 3.493595311761836797e-01
-1.347291467034997359e+00 1.488924627022645275e-01 3.516023395403419238e-01
-1.353108038603644703e+00 -2.127760076186828789e-02 3.538312394432521768e-01
-1.337537518769233547e+00 -1.905528954507646755e-01 3.560461427155127145e-01
-1.300896647979766341e+00 -3.562588359939901084e-01 3.582469617413915897e-01
-1.243834946466885194e+00 -5.157862284261781616e-01 3.604336094622925257e-01
-1.167323302909382132e+00 -6.666324591839274394e-01 3.626059993801986070e-01
-1.072637492927226210e+00 -8.064408528445621283e-01 3.647640455610942078e-01
-9.613369067567769655e-01 -9.330375781185524797e-01 3.669076626383638295e-01
-8.352388409183481022e-01 -1.044465522787616285e+00 3.690367658161694542e-01
-6.963887782258761927e-01 -1.139014608575426024e+00 3.711512708728046395e-01
-5.470271430130528856e-01 -1.215248075511215831e+00 3.732510941640259650e-01
-3.895530729842780482e-01 -1.272024331233576389e+00 3.753361526263621628e-01
-2.264857947971336827e-01 -1.308514032802986504e+00 3.774063637803993787e-01
-6.042422664567135421e-02 -1.324212145771567428e+00 3.794616457340444504e-01
1.059945428050667882e-01 -1.318944806245091028e+00 3.815019171857635949e-01
2.701372341645207897e-01 -1.292870895156217337e+00 3.835270974277993350e-01
4.294161458310103430e-01 -1.246478318605045876e+00 3.855371063493623351e-01
5.813300471381246393e-01 -1.180575072555180682e+00 3.875318644398007550e-01
7.235035483562632930e-01 -1.096275253050837506e+00 3.895112927917455670e-01
8.537243264184581903e-01 -9.949802531227891489e-01 3.914753131042315593e-01
9.699776217073265983e-01 -8.783554634090676716e-01 3.934238476857949696e-01
1.070477466910426889e+00 -7.483028640320456004e-01 3.953568194575468597e-01
1.153694163059759914e+00 -6.069299593385028002e-01 3.972741519562218437e-01
1.218377579520403042e+00 -4.565155637231506636e-01 3.991757693372029459e-01
1.263575922869357049e+00 -2.994729950408759334e-01 4.010615963775218673e-01
1.288649693193066659e+00 -1.383112713282411421e-01 4.029315584788345506e-01
1.293280624133445134e+00 2.440506389263352727e-02 4.047855816703719856e-01
1.277475483766794317e+00 1.860968429998984264e-01 4.066235926118664246e-01
1.241564695804954876e+00 3.442112485351906392e-01 4.084455185964526724e-01
1.186195823338889399e+00 4.962622079229005445e-01 4.102512875535437309e-01
1.112322039077198399e+00 6.398695680269230746e-01 4.120408280516821842e-01
1.021185785462690454e+00 7.727964309115030739e-01 4.138140693013655502e-01
9.142979039176934997e-01 8.929840639483670461e-01 4.155709411578467627e-01
7.934125835743417454e-01 9.985838384307236248e-01 4.173113741239086183e-01
6.604985450715359363e-01 1.087985700423191426e+00 4.190352993526131886e-01
5.177069333261751227e-01 1.159842734867911229e+00 4.207426486500250862e-01
3.673364437082621836e-01 1.213091448033148056e+00 4.224333544779088623e-01
2.117962479912415541e-01 1.246967463179698088e+00 4.241073499564010918e-01
5.356731917548594041e-02 1.261016398692488938e+00 4.257645688666555905e-01
-1.048372226913467792e-01 1.255099775671807416e+00 4.274049456534629310e-01
-2.609121085755030656e-01 1.229395881843114990e+00 4.290284154278437567e-01
-4.121996244744567939e-01 1.184395599340637428e+00 4.306349139696153960e-01
-5.563283908569227609e-01 1.120893284153867020e+00 4.322243777299324408e-01
-6.910506044179567375e-01 1.039972863516877011e+00 4.337967438338006243e-01
-8.142771561800613567e-01 9.429893930204424901e-01 4.353519500825637212e-01
-9.241100763466610912e-01 8.315463865418809553e-01 4.368899349563641898e-01
-1.018871801304715552e+00 7.074692980954548904e-01 4.384106376165767816e-01
-1.097130811022248631e+00 5.727755943745895806e-01 4.399139979082146712e-01
-1.157723244914325322e+00 4.296419091601362816e-01 4.413999563623097755e-01
-1.199770170070635356e+00 2.803688151003681517e-01 4.428684541982646494e-01
-1.222690246470063080e+00 1.273437839557615969e-01 4.443194333261779039e-01
-1.226207608300081020e+00 -2.699706728526051619e-02 4.457528363491419232e-01
-1.210354857543560758e+00 -1.802078303537075488e-01 4.471686065655136044e-01
-1.175471144349444108e+00 -3.298716388606003913e-01 4.485666879711570076e-01
-1.122195387108278153e+00 -4.736388629765259095e-01 4.499470252616590837e-01
-1.051454762355216621e+00 -6.092640609355121084e-01 4.513095638345169802e-01
-9.644486693931851873e-01 -7.346411052586421242e-01 4.526542497912983132e-01
-8.626284456836496028e-01 -8.478359333683871402e-01 4.539810299397730731e-01
-7.476731754709887712e-01 -9.471164126750589718e-01 4.552898517960177749e-01
-6.214619947496962116e-01 -1.030978858575501311e+00 4.565806635864916307e-01
-4.860433496089642813e-01 -1.098170799301315226e+00 4.578534142500845783e-01
-3.436017113668328182e-01 -1.147709643268430835e+00 4.591080534401369984e-01
-1.964222900301951236e-01 -1.178896971496122603e+00 4.603445315264315107e-01
-4.685431691808017440e-02 -1.191328248686953861e+00 4.615627995971561259e-01
1.027265126624574004e-01 -1.184897820535117496e+00 4.627628094608389198e-01
2.499558352716882981e-01 -1.159799140562548292e+00 4.639445136482546750e-01
3.925180514275677934e-01 -1.116520246051195597e+00 4.651078654143021018e-01
5.281828003688754380e-01 -1.055834578224607689e+00 4.662528187398536916e-01
6.548399020902758716e-01 -9.787873155278665749e-01 4.673793283335754833e-01
7.705322185001040047e-01 -8.866774594936610576e-01 4.684873496337190191e-01
8.734859214136264649e-01 -7.810359791502101690e-01 4.695768388098838231e-01
9.621376989503749311e-01 -6.636003811826510779e-01 4.706477527647515702e-01
1.035158483013500108e+00 -5.362861281504692768e-01 4.717000491357906111e-01
1.091473338038428498e+00 -4.011553751406743973e-01 4.727336862969316877e-01
1.130277214156453214e+00 -2.603835355668129847e-01 4.737486233602148933e-01
1.151046335292607470e+00 -1.162242188025340989e-01 4.747448201774066567e-01
1.153545063407092730e+00 2.902689450263963578e-02 4.757222373415883054e-01
1.137828152949518445e+00 1.730686595634006453e-01 4.766808361887146517e-01
1.104238383449893446e+00 3.136309724997516923e-01 4.776205787991434359e-01
1.053399631834749384e+00 4.485105933789790833e-01 4.785414279991354047e-01
9.862055183551858839e-01 5.756057212379714905e-01 4.794433473623248565e-01
9.038038297982284863e-01 6.929487778997746039e-01 4.803263012111604890e-01
8.075769898222590060e-01 7.987368887752658297e-01 4.811902546183167151e-01
6.991189077735030510e-01 8.913595882144914606e-01 4.820351734080752792e-01
5.802085932459623008e-01 9.694233236707049395e-01 4.828610241576772877e-01
4.527809730785496423e-01 1.031772386178839040e+00 4.836677741986450951e-01
3.188953896860784454e-01 1.077505953543248074e+00 4.844553916180747710e-01
1.807022939599434996e-01 1.105990996206321686e+00 4.852238452598984786e-01
4.040867194391006834e-02 1.116870862989127522e+00 4.859731047261167669e-01
-9.975723827843931135e-02 1.110069433664210292e+00 4.867031403780013310e-01
-2.375813747830265998e-01 1.085790796511076239e+00 4.874139233372670743e-01
-3.708988611736313556e-01 1.044514480472036100e+00 4.881054254872148057e-01
-4.976280429714346476e-01 9.869863421271996007e-01 4.887776194738430724e-01
-6.158030154283655744e-01 9.142052763200875232e-01 4.894304787069307383e-01
-7.236041341527579274e-01 8.274059848049695187e-01 4.900639773610882544e-01
-8.193860348787559422e-01 7.280380987245379520e-01 4.906780903767797297e-01
-9.017027310087254444e-01 6.177420071039494420e-01 4.912727934613138614e-01
-9.693294064934059318e-01 4.983217939932273466e-01 4.918480630898050543e-01
-1.021280576369174353e+00 3.717157306326154265e-01 4.924038765061040102e-01
-1.056824346937960346e+00 2.399648053948660598e-01 4.929402117236978964e-01
-1.075492571172832035e+00 1.051798027358553655e-01 4.934570475265799838e-01
-1.077086761423138306e+00 -3.049253744890631501e-02 4.939543634700890307e-01
-1.061679689799287285e+00 -1.649037370829538607e-01 4.944321398817178581e-01
-1.029612675638156949e+00 -2.959376279426714218e-01 4.948903578618917276e-01
-9.814886280798597040e-01 -4.215436904801406204e-01 4.953289992847158540e-01
-9.181609789321852899e-01 -5.397691578733269102e-01 4.957480467986923878e-01
-8.407187055976239609e-01 -6.487893824566210998e-01 4.961474838274068100e-01
-7.504677048736172473e-01 -7.469359922780384187e-01 4.965272945701838525e-01
-6.489088349565815816e-01 -8.327224034667700669e-01 4.968874640027121092e-01
-5.377129941094677124e-01 -9.048662987268586422e-01 4.972279778776387826e-01
-4.186936494074029458e-01 -9.623087328477253344e-01 4.975488227251330109e-01
-2.937772670759741800e-01 -1.004229581797484006e+00 4.978499858534188305e-01
-1.649721266156132793e-01 -1.030059111821288509e+00 4.981314553492771635e-01
-3.433602371853978347e-02 -1.039485508024413862e+00 4.983932200785171074e-01
9.605661838446269418e-02 -1.032458267152899900e+00 4.986352696864163603e-01
2.241477032447284634e-01 -1.009187425639439306e+00 4.988575945981307269e-01
3.479279574301629707e-01 -9.701386603936569264e-01 4.990601860190731487e-01
4.654684553973069683e-01 -9.160243652241908396e-01 4.992430359352612035e-01
5.749506783120842401e-01 -8.477908691481196302e-01 4.994061371136345739e-01
6.746946384810579289e-01 -7.666020231732025847e-01 4.995494831023407079e-01
7.631846347003973241e-01 -6.738194384869498066e-01 4.996730682309904470e-01
8.390922441881016880e-01 -5.709797104798105538e-01 4.997768876108819036e-01
9.012962031503322091e-01 -4.597690088772594108e-01 4.998609371351943609e-01
9.488988796677962911e-01 -3.419954537616028967e-01 4.999252134791501989e-01
9.812390986165036022e-01 -2.195597298389516672e-01 4.999697141001468448e-01
9.979011378376202446e-01 -9.442441647483963696e-02 4.999944372378570256e-01
9.987197767731567088e-01 3.141747157094423870e-02 4.999993819142987128e-01
9.837813422833793231e-01 1.559742283616258052e-01 4.999845479338734244e-01
9.534207603362722105e-01 2.772869802736012690e-01 4.999499358833744411e-01
9.082146856864784512e-01 3.934604898069628542e-01 4.998955471319631028e-01
8.489708435334273329e-01 5.026927553882044597e-01 4.998213838311149626e-01
7.767137764897871222e-01 6.033029450750515554e-01 4.997274489145346332e-01
6.926672460728083847e-01 6.937572315209867835e-01 4.996137460980397127e-01
5.982335894846073643e-01 7.726921316982163779e-01 4.994802798794137355e-01
4.949703788797337189e-01 8.389349970927874045e-01 4.993270555382282594e-01
3.845647709235330280e-01 8.915213476615756472e-01 4.991540791356340878e-01
2.688059686141268112e-01 9.297087949849230926e-01 4.989613575141216284e-01
1.495562445725919787e-01 9.529873558996615479e-01 4.987488982972498319e-01
2.872099491258589890e-02 9.610860165408475764e-01 4.985167098893450999e-01
-9.178169488661007402e-02 9.539754672042042305e-01 4.982648014751683840e-01
-2.100514861053936477e-01 9.318669897890492493e-01 4.979931830195521991e-01
-3.242357420952209912e-01 8.952075408109005927e-01 4.977018652670062715e-01
-4.325585308064837653e-01 8.446711331094309827e-01 4.973908597412926569e-01
-5.333482208386447487e-01 7.811466774708890615e-01 4.970601787449696607e-01
-6.250632426847675394e-01 7.057225005233939141e-01 4.967098353589053383e-01
-7.063156188484264186e-01 6.196678065906058297e-01 4.963398434417601313e-01
-7.758919046007387577e-01 5.244113979133864234e-01 4.959502176294384723e-01
-8.327712246717119404e-01 4.215180090575302851e-01 4.955409733345098600e-01
-8.761401394025846168e-01 3.126626467960698097e-01 4.951121267455992903e-01
-9.054041260244982681e-01 1.996033557632591049e-01 4.946636948267467693e-01
-9.201955159168503373e-01 8.415285230705855934e-02 4.941956953167364053e-01
-9.203777860366345598e-01 -3.185051608649969168e-02 4.937081467283944702e-01
-9.060461612707970680e-01 -1.465720208487253096e-01 4.932010683478573188e-01
-8.775245433066103384e-01 -2.582095467800955557e-01 4.926744802338082763e-01
-8.353588398024172079e-01 -3.650218730709363091e-01 4.921284032166843292e-01
-7.803068242515900366e-01 -4.653557975422483173e-01 4.915628588978521174e-01
-7.133247110768731192e-01 -5.576716821789958756e-01 4.909778696487533400e-01
-6.355506813267297606e-01 -6.405670260014222350e-01 4.903734586100198523e-01
-5.482856410846455031e-01 -7.127977053546606934e-01 4.897496496905582308e-01
-4.529715366327199955e-01 -7.732965612080890949e-01 4.891064675666042527e-01
-3.511675868994817429e-01 -8.211890573770127544e-01 4.884439376807462874e-01
-2.445248242276322204e-01 -8.558057819708709824e-01 4.877620862409193792e-01
-1.347593585781664827e-01 -8.766916160359794485e-01 4.870609402193681325e-01
-2.362479760634205936e-02 -8.836114474520941897e-01 4.863405273515800653e-01
8.711573462407573576e-02 -8.765523637835223036e-01 4.856008761351881531e-01
1.957175342932160056e-01 -8.557223140817588058e-01 4.848420158288438420e-01
3.004817677218326599e-01 -8.215452856881673149e-01 4.840639764510594190e-01
3.997820032518774602e-01 -7.746530970034035679e-01 4.832667887790207395e-01
4.920894114773677330e-01 -7.158739601106920425e-01 4.824504843473695348e-01
5.759962442548521855e-01 -6.462180172366981390e-01 4.816150954469562984e-01
6.502372329921966010e-01 -5.668601015314377323e-01 4.807606551235627523e-01
7.137085822685830250e-01 -4.791200148355445054e-01 4.798871971765945599e-01
7.654842752729602573e-01 -3.844406523406749265e-01 4.789947561577444501e-01
8.048294521840491100e-01 -2.843643357826242113e-01 4.780833673696255337e-01
8.312106707132541628e-01 -1.805077425732324881e-01 4.771530668643744200e-01
8.443029088028247697e-01 -7.453583771191392426e-02 4.762038914422257463e-01
8.439932220897636839e-01 3.186477184097210452e-02 4.752358786500557875e-01
8.303810223623705467e-01 1.370126345530873480e-01 4.742490667798976434e-01
8.037749969926851756e-01 2.392579783965923246e-01 4.732434948674262842e-01
7.646867423703558320e-01 3.370085439701400731e-01 4.722192026904145079e-01
7.138212358555492409e-01 4.287543230213632373e-01 4.711762307671593097e-01
6.520643199052005290e-01 5.130908190140244240e-01 4.701146203548794977e-01
5.804674180466046218e-01 5.887404725963705232e-01 4.690344134480829430e-01
5.002297445687928779e-01 6.545719265022957867e-01 4.679356527769060747e-01
4.126783075352783436e-01 7.096168410108776303e-01 4.668183818054231216e-01
3.192460374269433521e-01 7.530840119855497505e-01 4.656826447299271532e-01
2.214484009213395499e-01 7.843705880300189115e-01 4.645284864771814237e-01
1.208588806149048789e-01 8.030702307014041530e-01 4.633559527026425151e-01
1.908371660540015766e-02 8.089781112382593564e-01 4.621650897886542264e-01
-8.226368541901392384e-02 8.020926880914966972e-01 4.609559448426125972e-01
-1.815882726792904522e-01 7.826142608742806539e-01 4.597285656951027311e-01
-2.773383876877557053e-01 7.509403473558324826e-01 4.584830008980067539e-01
-3.680299423464969411e-01 7.076579800082464233e-01 4.572192997225829059e-01
-4.522693482596599757e-01 6.535330665936367467e-01 4.559375121575168777e-01
-5.287748502352885849e-01 5.894970046062093516e-01 4.546376889069442817e-01
-5.963959378429349867e-01 5.166307813631443313e-01 4.533198813884447009e-01
-6.541305427130845729e-01 4.361468295309508525e-01 4.519841417310080933e-01
-7.011397664555752973e-01 3.493689413100577457e-01 4.506305227729724416e-01
-7.367599250143967993e-01 2.577105728859187539e-01 4.492590780599337030e-01
-7.605117392880351712e-01 1.626518936806479465e-01 4.478698618426277811e-01
-7.721065482081413966e-01 6.571595208471107952e-02 4.464629290747842982e-01
-7.714494684327052321e-01 -3.155565951210088926e-02 4.450383354109530565e-01
-7.586394736022031848e-01 -1.276272525665155810e-01 4.435961372043021322e-01
-7.339664149503933865e-01 -2.209932164415841782e-01 4.421363915043888815e-01
-6.979050531830052195e-01 -3.102015392779264857e-01 4.406591560549035225e-01
-6.511062181826356987e-01 -3.938763094700004075e-01 4.391644892913843523e-01
-5.943852575412762462e-01 -4.707388504181457267e-01 4.376524503389064846e-01
-5.287079764782526281e-01 -5.396271654417450492e-01 4.361230990097431648e-01
-4.551743097373858182e-01 -5.995133988662803004e-01 4.345764958009994960e-01
-3.750000000000042188e-01 -6.495190528383266715e-01 4.330127018922193538e-01
-2.894965866967190715e-01 -6.889277368128097212e-01 4.314317791429655990e-01
-2.000500334234995292e-01 -7.171952672755124158e-01 4.298337900903727027e-01
-1.080983411231181551e-01 -7.339569784435652222e-01 4.282187979466730021e-01
-1.510850752461337897e-02 -7.390321497260410322e-01 4.265868665966964790e-01
7.744679912412445744e-02 -7.324255019000134315e-01 4.249380605953433365e-01
1.681124823150450254e-01 -7.143257605271550181e-01 4.232724451650303754e-01
2.554738099754279013e-01 -6.851013313644462865e-01 4.215900861931112242e-01
3.381784019358384796e-01 -6.452931776835889588e-01 4.198910502292698688e-01
4.149570719239731864e-01 -5.956050328037413299e-01 4.181754044828880912e-01
4.846432044951661244e-01 -5.368911220916086080e-01 4.164432168203867635e-01
5.461903728402730529e-01 -4.701416065658516330e-01 4.146945557625414391e-01
5.986879333723514884e-01 -3.964659944870801978e-01 4.129294904817716327e-01
6.413743668776032969e-01 -3.170747974101290056e-01 4.111480907994047862e-01
6.736481732580583692e-01 -2.332597326814539462e-01 4.093504271829140895e-01
6.950761668802460935e-01 -1.463727949163589892e-01 4.075365707431312101e-01
7.053990616236164302e-01 -5.780453430528953440e-02 4.057065932314329881e-01
7.045342782159803585e-01 3.103811052366597933e-02 4.038605670369035394e-01
6.925759506546593780e-01 1.187540730288426105e-01 4.019985651834703799e-01
6.697921527401897723e-01 2.039701618495920465e-01 4.001206613270160140e-01
6.366194092985213437e-01 2.853624624032602974e-01 3.982269297524645424e-01
5.936545988584478462e-01 3.616768050202249229e-01 3.963174453708424028e-01
5.416443947311588847e-01 4.317479848792042385e-01 3.943922837163157391e-01
4.814724289931976986e-01 4.945174410414953647e-01 3.924515209432022922e-01
4.141443982338308683e-01 5.490491283445881887e-01 3.904952338229588094e-01
3.407713605790378408e-01 5.945433463507844296e-01 3.885234997411443070e-01
2.625514999956485296e-01 6.303483234451002781e-01 3.865363966943589080e-01
1.807506558284660003e-01 6.559693909783796961e-01 3.845340032871584768e-01
9.668193262244451081e-02 6.710756214552572319e-01 3.825163987289451062e-01
1.168471730260405017e-02 6.755038455397375241e-01 3.804836628308339019e-01
-7.289656242160692801e-02 6.692600044408431037e-01 3.784358760024960078e-01
-1.557336030572304408e-01 6.525178363831056760e-01 3.763731192489775390e-01
-2.355349821315166070e-01 6.256149376980615351e-01 3.742954741674953123e-01
-3.110661841333498545e-01 5.890462799400916216e-01 3.722030229442094829e-01
-3.811685868522228793e-01 5.434553037002965992e-01 3.700958483509718122e-01
-4.447771180289160631e-01 4.896227468631524360e-01 3.679740337420517315e-01
-5.009363152847332579e-01 4.284533993597461898e-01 3.658376630508392013e-01
-5.488145493512470718e-01 3.609610075033654053e-01 3.636868207865244229e-01
-5.877162012237603372e-01 2.882515782889146227e-01 3.615215920307547348e-01
-6.170916175017219230e-01 2.115053571999457038e-01 3.593420624342692493e-01
-6.365447043072003375e-01 1.319577717671633343e-01 3.571483182135105627e-01
-6.458380582032543504e-01 5.087964710323888279e-02 3.549404461472144279e-01
-6.448955718573748941e-01 -3.044299127944397401e-02 3.527185335729766669e-01
-6.338024921862969174e-01 -1.107292079819108543e-01 3.504826683837988788e-01
-6.128029487468692471e-01 -1.887232231222116252e-01 3.482329390246110545e-01
-5.822950095777896795e-01 -2.632139401053750771e-01 3.459694344887730977e-01
-5.428233599375675844e-01 -3.330536339898832465e-01 3.436922443145551953e-01
-4.950697358377063595e-01 -3.971755140664575690e-01 3.414014585815945413e-01
-4.398412783820101479e-01 -4.546098940049909665e-01 3.390971679073332412e-01
-3.780570061797606796e-01 -5.044987266765682543e-01 3.367794634434330137e-01
-3.107326310373494382e-01 -5.461082881177493631e-01 3.344484368721698520e-01
-2.389639663407324699e-01 -5.788398256178747259e-01 3.321041804028070921e-01
-1.639091976720812860e-01 -6.022380180765034563e-01 3.297467867679480524e-01
-8.677030097688211152e-02 -6.159971320592659838e-01 3.273763492198676350e-01
-8.773904801491377511e-03 -6.199647938099885902e-01 3.249929615268234429e-01
6.884810038287569878e-02 -6.141433352692236003e-01 3.225967179693468578e-01
1.448779010289773794e-01 -5.986887103081812711e-01 3.201877133365131356e-01
2.181307458306305236e-01 -5.739070153159469001e-01 3.177660429221922378e-01
2.874732835155710542e-01 -5.402486853883853302e-01 3.153318025212786258e-01
3.518409713531545080e-01 -4.983004730886028133e-01 3.128850884259029574e-01
4.102542891412247483e-01 -4.487753505368292650e-01 3.104259974216218576e-01
4.618335139654372590e-01 -3.925005069319393858e-01 3.079546267835898687e-01
5.058118352063342149e-01 -3.304036420398396845e-01 3.054710742727115291e-01
5.415466167010860588e-01 -2.634977812864401914e-01 3.029754381317741885e-01
5.685286431966467546e-01 -1.928648595011314415e-01 3.004678170815615612e-01
5.863892207684564539e-01 -1.196383377668381459e-01 2.979483103169489611e-01
5.949050352011973075e-01 -4.498513100550688426e-02 2.954170175029791623e-01
5.940007078894044001e-01 2.991286730830603618e-02 2.928740387709198312e-01
5.837490250552631599e-01 1.038773726606926073e-01 2.903194747143029164e-01
5.643688524317459487e-01 1.757521188834449688e-01 2.877534263849451657e-01
5.362207834575150045e-01 2.444208038497133473e-01 2.851759952889509342e-01
4.998006039231462916e-01 3.088242951081013876e-01 2.825872833826964525e-01
4.557306893636730583e-01 3.679768324919488465e-01 2.799873930687977186e-01
4.047494828056521499e-01 4.209809821299677624e-01 2.773764271920586277e-01
3.476992292786926786e-01 4.670411173558077222e-01 2.747544890354031155e-01
2.855121693652483694e-01 5.054752264137650775e-01 2.721216823157895925e-01
2.191954166102773605e-01 5.357248741843022577e-01 2.694781111801083373e-01
1.498147625203984923e-01 5.573631749621160703e-01 2.668238802010612920e-01
7.847766788510743274e-02 5.701006651326060437e-01 2.641590943730258711e-01
6.315710047433717098e-03 5.737889979038566235e-01 2.614838591079013952e-01
-6.553323759993597009e-02 5.684224165355655778e-01 2.587982802309393704e-01
-1.359428152866442030e-01 5.541369972278080702e-01 2.561024639765573374e-01
-2.038156990904486932e-01 5.312076874523642411e-01 2.533965169841364551e-01
-2.681005653558485302e-01 5.000431994947104331e-01 2.506805462938031526e-01
-3.278082373320392873e-01 4.611788518063951736e-01 2.479546593421947664e-01
-3.820267683890092303e-01 4.152674819478884838e-01 2.452189639582103009e-01
-4.299352341990765325e-01 3.630685839626842104e-01 2.424735683587439516e-01
-4.708160276926414700e-01 3.054358495318740263e-01 2.397185811444049741e-01
-5.040654750576865073e-01 2.433033158248074090e-01 2.369541112952216755e-01
-5.292026181557236697e-01 1.776703432434847130e-01 2.341802681663303909e-01
-5.458760380372942311e-01 1.095856629670037413e-01 2.313971614836496382e-01
-5.538686252922978559e-01 4.013074710529633549e-02 2.286049013395397012e-01
-5.531002352755115536e-01 -2.959723680380072289e-02 2.258035981884476961e-01
-5.436281993010504410e-01 -9.850262038344827220e-02 2.229933628425381786e-01
-5.256456961889157675e-01 -1.655083108206664155e-01 2.201743064673098715e-01
-4.994780215596995587e-01 -2.295724852279004413e-01 2.173465405771980441e-01
-4.655768245055462717e-01 -2.897046465637692081e-01 2.145101770311632627e-01
-4.245124122274542833e-01 -3.449807960670769891e-01 2.116653280282672633e-01
-3.769642524546972795e-01 -3.945574922104779225e-01 2.088121061032335302e-01
-3.237098305150611366e-01 -4.376845846766080905e-01 2.059506241219964118e-01
-2.656120424041235606e-01 -4.737164334950436095e-01 2.030809952772363036e-01
-2.036053267498154351e-01 -5.021214479016347099e-01 2.002033330839020353e-01
-1.386807568733561813e-01 -5.224898063017699990e-01 1.973177513747205458e-01
-7.187032894971938368e-02 -5.345392475105269492e-01 1.944243642956939022e-01
-4.230693365224673201e-03 -5.381188537532098914e-01 1.915232863015840226e-01
6.317341639031739953e-02 -5.332107772668772672e-01 1.886146321513851309e-01
1.292857996614570071e-01 -5.199298942617235353e-01 1.856985169037842498e-01
1.930751924304372757e-01 -4.985214019897541982e-01 1.827750559126097296e-01
2.535512066271937703e-01 -4.693564062382997726e-01 1.798443648222680935e-01
3.097795610348689221e-01 -4.329255772381944700e-01 1.769065595631693910e-01
3.608963720179057533e-01 -3.898309812881777248e-01 1.739617563471420048e-01
4.061212879224980199e-01 -3.407762229090158801e-01 1.710100716628344397e-01
4.447692698485476437e-01 -2.865550576437516095e-01 1.680516222711081198e-01
4.762608432629854560e-01 -2.280386583411871115e-01 1.650865252004184991e-01
5.001306692688576305e-01 -1.661617375660922602e-01 1.621148977421855986e-01
5.160343108779243959e-01 -1.019077453862696353e-01 1.591368574461544116e-01
5.237530979413821397e-01 -3.629337495755628057e-02 1.561525221157449017e-01
5.231970240333493338e-01 2.964738211893492084e-02 1.531620098033918964e-01
5.144056390972320258e-01 9.487938288409608623e-02 1.501654388058754341e-01
4.975469325874889437e-01 1.583824327736736426e-01 1.471629276596411184e-01
4.729142326965163901e-01 2.191670900865781979e-01 1.441545951361111466e-01
4.409211775798298483e-01 2.762899328246249953e-01 1.411405602369860957e-01
4.020948438244218992e-01 3.288680548397571735e-01 1.381209421895372436e-01
3.570671453044996779e-01 3.760925710199233274e-01 1.350958604418911191e-01
3.065646416190315748e-01 4.172409273441439748e-01 1.320654346583032268e-01
2.513969191199491027e-01 4.516878307811701410e-01 1.290297847144252219e-01
1.924437287675204722e-01 4.789146358900536748e-01 1.259890306925627035e-01
1.306410833798044013e-01 4.985170492608995141e-01 1.229432928769252781e-01
6.696653201144613099e-02 5.102110392310649223e-01 1.198926917488681437e-01
2.423840986825099957e-03 5.138368662191192815e-01 1.168373479821263883e-01
-6.197268064036595692e-02 5.093611781060940480e-01 1.137773824380413773e-01
-1.252139688349700464e-01 4.968771449155205966e-01 1.107129161607797729e-01
-1.863118622830189086e-01 4.766026371458876310e-01 1.076440703725453918e-01
-2.443143896166451168e-01 4.488764820345855777e-01 1.045709664687839296e-01
-2.983204521978084500e-01 4.141528613289518490e-01 1.014937260133809277e-01
-3.474936785042518905e-01 3.729939423667836262e-01 9.841247073385277211e-02
-3.910752395409410331e-01 3.260608610026148879e-01 9.532732251653235067e-02
-4.283954312386860086e-01 2.741031997582704105e-01 9.223840340174627173e-02
-4.588838492375283407e-01 2.179471271577397562e-01 8.914583557898808630e-02
-4.820780034820401072e-01 1.584823841937487987e-01 8.604974138208464074e-02
-4.976302443375760776e-01 9.664832097289090262e-02 8.295024328435682270e-02
-5.053128980963411676e-01 3.341920054913636445e-02 7.984746389377488096e-02
-5.050215373791360207e-01 -3.021100241948757731e-02 7.674152594810831896e-02
-4.967763406307786345e-01 -9.324407341936528926e-02 7.363255231007077850e-02
-4.807215242182416026e-01 -1.546930619120909234e-01 7.052066596245987196e-02
-4.571228601262486979e-01 -2.135975790026903853e-01 6.740599000329235146e-02
-4.263633214599014676e-01 -2.690386543965379573e-01 6.428864764093458750e-02
-3.889369264677524085e-01 -3.201529253449370005e-01 6.116876218922865510e-02
-3.454408791632941345e-01 -3.661459409626513506e-01 5.804645706261517962e-02
-2.965661304380866614e-01 -4.063043792488207351e-01 5.492185577125009016e-02
-2.430865074398974868e-01 -4.400069911378229892e-01 5.179508191611975620e-02
-1.858465805784417779e-01 -4.667341056856919579e-01 4.866625918415143359e-02
-1.257484564989659326e-01 -4.860755527564520340e-01 4.553551134332054634e-02
-6.373770144891319211e-02 -4.977368839707845827e-01 4.240296223775474882e-02
-7.886124186302536764e-04 -5.015437988446662665e-01 3.926873578283498339e-02
6.211093692651028370e-02 -4.974447105806899527e-01 3.613295596029369311e-02
1.239748423274614902e-01 -4.855114144621959782e-01 3.299574681331046005e-02
1.838340711998884824e-01 -4.659378508093557913e-01 2.985723244160517001e-02
2.407516862126417578e-01 -4.390369835489977279e-01 2.671753699652895664e-02
2.938373598103536377e-01 -4.052358441878226025e-01 2.357678467615309525e-02
3.422611573144911934e-01 -3.650688189290431374e-01 2.043509972035584613e-02
3.852663776018199759e-01 -3.191692834153544989e-01 1.729260640590873227e-02
4.221812549138823645e-01 -2.682597147147066652e-01 1.414942904155913790e-02
4.524293428732156785e-01 -2.131404333125525852e-01 1.100569196311389220e-02
4.755384220053591737e-01 -1.546771486879598700e-01 7.861519528520627409e-03
4.911477946835253183e-01 -9.378750021942051929e-02 4.717036112948522902e-03
4.990138560831130499e-01 -3.142680041702761162e-02 1.572366103868343785e-03
4.990138560831133829e-01 3.142680041702161642e-02 -1.572366103867999226e-03
4.911477946835264285e-01 9.378750021941462123e-02 -4.717036112948178560e-03
4.755384220053610056e-01 1.546771486879541524e-01 -7.861519528520282199e-03
4.524293428732197864e-01 2.131404333125439532e-01 -1.100569196311354699e-02
4.221812549138854731e-01 2.682597147147015582e-01 -1.414942904155879443e-02
3.852663776018238062e-01 3.191692834153498914e-01 -1.729260640590838879e-02
3.422611573144954678e-01 3.650688189290389740e-01 -2.043509972035572470e-02
2.938373598103585227e-01 4.052358441878190498e-01 -2.357678467615275178e-02
2.407516862126470314e-01 4.390369835489948414e-01 -2.671753699652861316e-02
1.838340711998941168e-01 4.659378508093535154e-01 -2.985723244160482653e-02
1.239748423274673189e-01 4.855114144621944794e-01 -3.299574681331011311e-02
6.211093692651271925e-02 4.974447105806896752e-01 -3.613295596029334616e-02
-7.886124186242331018e-04 5.015437988446662665e-01 -3.926873578283463645e-02
-6.373770144890368583e-02 4.977368839707858039e-01 -4.240296223775440881e-02
-1.257484564989601039e-01 4.860755527564535328e-01 -4.553551134332020633e-02
-1.858465805784328684e-01 4.667341056856955106e-01 -4.866625918415109359e-02
-2.430865074398921855e-01 4.400069911378259313e-01 -5.179508191611941620e-02
-2.965661304380817764e-01 4.063043792488242878e-01 -5.492185577124975016e-02
-3.454408791632923581e-01 3.661459409626530159e-01 -5.804645706261483962e-02
-3.889369264677485227e-01 3.201529253449416634e-01 -6.116876218922853020e-02
-4.263633214598962495e-01 2.690386543965460620e-01 -6.428864764093424056e-02
-4.571228601262460334e-01 2.135975790026958254e-01 -6.740599000329200452e-02
-4.807215242182385495e-01 1.546930619121000550e-01 -7.052066596245953889e-02
-4.967763406307774132e-01 9.324407341937122895e-02 -7.363255231007043156e-02
-5.050215373791355766e-01 3.021100241949363149e-02 -7.674152594810797201e-02
-5.053128980963411676e-01 -3.341920054913388033e-02 -7.984746389377453402e-02
-4.976302443375770768e-01 -9.664832097288490742e-02 -8.295024328435648964e-02
-4.820780034820431603e-01 -1.584823841937395839e-01 -8.604974138208430767e-02
-4.588838492375308387e-01 -2.179471271577342051e-01 -8.914583557898775323e-02
-4.283954312386911711e-01 -2.741031997582621949e-01 -9.223840340174592478e-02
-3.910752395409425874e-01 -3.260608610026128895e-01 -9.532732251653201760e-02
-3.474936785042563314e-01 -3.729939423667794074e-01 -9.841247073385242516e-02
-2.983204521978163326e-01 -4.141528613289460203e-01 -1.014937260133805808e-01
-2.443143896166504458e-01 -4.488764820345825246e-01 -1.045709664687835827e-01
-1.863118622830280124e-01 -4.766026371458840227e-01 -1.076440703725450448e-01
-1.252139688349759583e-01 -4.968771449155189868e-01 -1.107129161607794399e-01
-6.197268064037567831e-02 -5.093611781060928267e-01 -1.137773824380410442e-01
2.423840986822582873e-03 -5.138368662191192815e-01 -1.168373479821260552e-01
6.696653201143998313e-02 -5.102110392310655884e-01 -1.198926917488678107e-01
1.306410833797948257e-01 -4.985170492609019011e-01 -1.229432928769249450e-01
1.924437287675146990e-01 -4.789146358900559508e-01 -1.259890306925623704e-01
2.513969191199403319e-01 -4.516878307811748039e-01 -1.290297847144248888e-01
3.065646416190264123e-01 -4.172409273441475830e-01 -1.320654346583028937e-01
3.570671453044950705e-01 -3.760925710199274907e-01 -1.350958604418907860e-01
4.020948438244202894e-01 -3.288680548397591163e-01 -1.381209421895369105e-01
4.409211775798264066e-01 -2.762899328246302688e-01 -1.411405602369857626e-01
4.729142326965122267e-01 -2.191670900865872185e-01 -1.441545951361108135e-01
4.975469325874868898e-01 -1.583824327736795545e-01 -1.471629276596407854e-01
5.144056390972300274e-01 -9.487938288410589782e-02 -1.501654388058751011e-01
5.231970240333488897e-01 -2.964738211894119360e-02 -1.531620098033915633e-01
5.237530979413825838e-01 3.629337495754999393e-02 -1.561525221157445686e-01
5.160343108779246180e-01 1.019077453862670679e-01 -1.591368574461541063e-01
5.001306692688596289e-01 1.661617375660862372e-01 -1.621148977421852655e-01
4.762608432629898414e-01 2.280386583411780077e-01 -1.650865252004181660e-01
4.447692698485510299e-01 2.865550576437462249e-01 -1.680516222711078145e-01
4.061212879225045702e-01 3.407762229090081085e-01 -1.710100716628341067e-01
3.608963720179075296e-01 3.898309812881758374e-01 -1.739617563471416717e-01
3.097795610348741402e-01 4.329255772381907508e-01 -1.769065595631692800e-01
2.535512066272026521e-01 4.693564062382947211e-01 -1.798443648222677604e-01
1.930751924304432154e-01 4.985214019897518112e-01 -1.827750559126093965e-01
1.292857996614669436e-01 5.199298942617208708e-01 -1.856985169037839445e-01
6.317341639032379719e-02 5.332107772668764900e-01 -1.886146321513848256e-01
-4.230693365214389760e-03 5.381188537532097804e-01 -1.915232863015836895e-01
-7.187032894971677466e-02 5.345392475105273933e-01 -1.944243642956935691e-01
-1.386807568733498808e-01 5.224898063017715533e-01 -1.973177513747202405e-01
-2.036053267498058039e-01 5.021214479016384846e-01 -2.002033330839017300e-01
-2.656120424041177874e-01 4.737164334950466626e-01 -2.030809952772359983e-01
-3.237098305150526989e-01 4.376845846766141968e-01 -2.059506241219961065e-01
-3.769642524546925055e-01 3.945574922104823079e-01 -2.088121061032332249e-01
-4.245124122274475109e-01 3.449807960670849272e-01 -2.116653280282669580e-01
-4.655768245055448840e-01 2.897046465637714285e-01 -2.145101770311631517e-01
-4.994780215596966721e-01 2.295724852279063810e-01 -2.173465405771977110e-01
-5.256456961889123258e-01 1.655083108206763798e-01 -2.201743064673095662e-01
-5.436281993010491087e-01 9.850262038345478088e-02 -2.229933628425378733e-01
-5.531002352755107765e-01 2.959723680381128041e-02 -2.258035981884473908e-01
-5.538686252922981890e-01 -4.013074710528968803e-02 -2.286049013395393958e-01
-5.458760380372953414e-01 -1.095856629669971355e-01 -2.313971614836493329e-01
-5.292026181557244469e-01 -1.776703432434820762e-01 -2.341802681663300856e-01
-5.040654750576891718e-01 -2.433033158248012751e-01 -2.369541112952213702e-01
-4.708160276926471322e-01 -3.054358495318648670e-01 -2.397185811444046688e-01
-4.299352341990806958e-01 -3.630685839626788813e-01 -2.424735683587436463e-01
-3.820267683890171129e-01 -4.152674819478811563e-01 -2.452189639582100233e-01
-3.278082373320447829e-01 -4.611788518063910103e-01 -2.479546593421944889e-01
-2.681005653558545254e-01 -5.000431994947071024e-01 -2.506805462938028750e-01
-2.038156990904512467e-01 -5.312076874523631309e-01 -2.533965169841361775e-01
-1.359428152866508088e-01 -5.541369972278061828e-01 -2.561024639765570599e-01
-6.553323759994680864e-02 -5.684224165355642455e-01 -2.587982802309390928e-01
6.315710047426825909e-03 -5.737889979038565125e-01 -2.614838591079011176e-01
7.847766788509652480e-02 -5.701006651326074870e-01 -2.641590943730255381e-01
1.498147625203956890e-01 -5.573631749621167364e-01 -2.668238802010610144e-01
2.191954166102708934e-01 -5.357248741843048112e-01 -2.694781111801080042e-01
2.855121693652385995e-01 -5.054752264137702955e-01 -2.721216823157893150e-01
3.476992292786869054e-01 -4.670411173558117190e-01 -2.747544890354027824e-01
4.047494828056439897e-01 -4.209809821299753119e-01 -2.773764271920583502e-01
4.557306893636685619e-01 -3.679768324919542311e-01 -2.799873930687974410e-01
4.998006039231403519e-01 -3.088242951081108800e-01 -2.825872833826961195e-01
5.362207834575135612e-01 -2.444208038497158730e-01 -2.851759952889506011e-01
5.643688524317436173e-01 -1.757521188834516579e-01 -2.877534263849448881e-01
5.837490250552608284e-01 -1.038773726607037096e-01 -2.903194747143026389e-01
5.940007078894038450e-01 -2.991286730831315896e-02 -2.928740387709195536e-01
5.949050352011979736e-01 4.498513100549549060e-02 -2.954170175029788847e-01
5.863892207684577862e-01 1.196383377668310682e-01 -2.979483103169486835e-01
5.685286431966489751e-01 1.928648595011245304e-01 -3.004678170815612837e-01
5.415466167010871690e-01 2.634977812864374158e-01 -3.029754381317739109e-01
5.058118352063379897e-01 3.304036420398334672e-01 -3.054710742727112516e-01
4.618335139654446420e-01 3.925005069319303930e-01 -3.079546267835895912e-01
4.102542891412299664e-01 4.487753505368242135e-01 -3.104259974216215801e-01
3.518409713531638894e-01 4.983004730885959299e-01 -3.128850884259027354e-01
2.874732835155774935e-01 5.402486853883816664e-01 -3.153318025212785147e-01
2.181307458306373237e-01 5.739070153159441245e-01 -3.177660429221919602e-01
1.448779010289802660e-01 5.986887103081802719e-01 -3.201877133365129136e-01
6.884810038288304013e-02 6.141433352692224901e-01 -3.225967179693465803e-01
-8.773904801479527615e-03 6.199647938099885902e-01 -3.249929615268232208e-01
-8.677030097687468690e-02 6.159971320592668720e-01 -3.273763492198673575e-01
-1.639091976720697119e-01 6.022380180765064539e-01 -3.297467867679478304e-01
-2.389639663407295278e-01 5.788398256178757251e-01 -3.321041804028068145e-01
-3.107326310373427769e-01 5.461082881177528048e-01 -3.344484368721695744e-01
-3.780570061797581261e-01 5.044987266765699196e-01 -3.367794634434327361e-01
-4.398412783820044858e-01 4.546098940049961290e-01 -3.390971679073329637e-01
-4.950697358376985879e-01 3.971755140664668948e-01 -3.414014585815943192e-01
-5.428233599375633656e-01 3.330536339898896303e-01 -3.436922443145549178e-01
-5.822950095777844615e-01 2.632139401053861794e-01 -3.459694344887730422e-01
-6.128029487468680259e-01 1.887232231222145673e-01 -3.482329390246107770e-01
-6.338024921862953631e-01 1.107292079819184177e-01 -3.504826683837986012e-01
-6.448955718573741169e-01 3.044299127945628361e-02 -3.527185335729764448e-01
-6.458380582032546835e-01 -5.087964710323110429e-02 -3.549404461472141503e-01
-6.365447043072026689e-01 -1.319577717671511219e-01 -3.571483182135103407e-01
-6.170916175017241434e-01 -2.115053571999381543e-01 -3.593420624342690273e-01
-5.877162012237656663e-01 -2.882515782889032985e-01 -3.615215920307545128e-01
-5.488145493512486262e-01 -3.609610075033625742e-01 -3.636868207865242009e-01
-5.009363152847382539e-01 -4.284533993597400836e-01 -3.658376630508389793e-01
-4.447771180289252779e-01 -4.896227468631438318e-01 -3.679740337420515095e-01
-3.811685868522292076e-01 -5.434553037002917142e-01 -3.700958483509715902e-01
-3.110661841333609567e-01 -5.890462799400854044e-01 -3.722030229442092608e-01
-2.355349821315240177e-01 -6.256149376980585375e-01 -3.742954741674952568e-01
-1.557336030572382124e-01 -6.525178363831035666e-01 -3.763731192489773170e-01
-7.289656242161017541e-02 -6.692600044408424376e-01 -3.784358760024957857e-01
1.168471730259593513e-02 -6.755038455397371910e-01 -3.804836628308335134e-01
9.668193262243163222e-02 -6.710756214552587862e-01 -3.825163987289448841e-01
1.807506558284579790e-01 -6.559693909783814725e-01 -3.845340032871580882e-01
2.625514999956363171e-01 -6.303483234451049411e-01 -3.865363966943587415e-01
3.407713605790306244e-01 -5.945433463507884264e-01 -3.885234997411442515e-01
4.141443982338240959e-01 -5.490491283445929627e-01 -3.904952338229585873e-01
4.814724289931952561e-01 -4.945174410414977517e-01 -3.924515209432021812e-01
5.416443947311533336e-01 -4.317479848792104558e-01 -3.943922837163155171e-01
5.936545988584408517e-01 -3.616768050202362472e-01 -3.963174453708423473e-01
6.366194092985176800e-01 -2.853624624032677914e-01 -3.982269297524643203e-01
6.697921527401857755e-01 -2.039701618496048141e-01 -4.001206613270159584e-01
6.925759506546583788e-01 -1.187540730288459273e-01 -4.019985651834700469e-01
7.045342782159796924e-01 -3.103811052367442050e-02 -4.038605670369033174e-01
7.053990616236170963e-01 5.780453430527601050e-02 -4.057065932314326551e-01
6.950761668802474258e-01 1.463727949163506070e-01 -4.075365707431309881e-01
6.736481732580623660e-01 2.332597326814408734e-01 -4.093504271829138119e-01
6.413743668776068496e-01 3.170747974101211231e-01 -4.111480907994045642e-01
5.986879333723591490e-01 3.964659944870687625e-01 -4.129294904817715772e-01
5.461903728402751623e-01 4.701416065658486909e-01 -4.146945557625412171e-01
4.846432044951724527e-01 5.368911220916027238e-01 -4.164432168203867080e-01
4.149570719239843442e-01 5.956050328037331143e-01 -4.181754044828879247e-01
3.381784019358461402e-01 6.452931776835847399e-01 -4.198910502292698133e-01
2.554738099754409464e-01 6.851013313644411795e-01 -4.215900861931110022e-01
1.681124823150535186e-01 7.143257605271525756e-01 -4.232724451650302089e-01
7.744679912413320044e-02 7.324255019000119882e-01 -4.249380605953430035e-01
-1.510850752460975166e-02 7.390321497260408101e-01 -4.265868665966963125e-01
-1.080983411231092872e-01 7.339569784435659994e-01 -4.282187979466727246e-01
-2.000500334234857347e-01 7.171952672755160796e-01 -4.298337900903725362e-01
-2.894965866967106893e-01 6.889277368128128298e-01 -4.314317791429653215e-01
-3.749999999999916178e-01 6.495190528383335549e-01 -4.330127018922191873e-01
-4.551743097373785463e-01 5.995133988662857405e-01 -4.345764958009994405e-01
-5.287079764782458557e-01 5.396271654417511554e-01 -4.361230990097429983e-01
-5.943852575412739148e-01 4.707388504181485578e-01 -4.376524503389064291e-01
-6.511062181826308137e-01 3.938763094700080680e-01 -4.391644892913841858e-01
-6.979050531829992243e-01 3.102015392779397529e-01 -4.406591560549034670e-01
-7.339664149503902779e-01 2.209932164415928935e-01 -4.421363915043887149e-01
-7.586394736022004093e-01 1.276272525665300139e-01 -4.435961372043019657e-01
-7.714494684327044549e-01 3.155565951211013187e-02 -4.450383354109527789e-01
-7.721065482081419518e-01 -6.571595208470178140e-02 -4.464629290747841872e-01
-7.605117392880353933e-01 -1.626518936806441162e-01 -4.478698618426275035e-01
-7.367599250143996858e-01 -2.577105728859097611e-01 -4.492590780599335365e-01
-7.011397664555815146e-01 -3.493689413100441454e-01 -4.506305227729721641e-01
-6.541305427130896799e-01 -4.361468295309429144e-01 -4.519841417310079268e-01
-5.963959378429448677e-01 -5.166307813631330070e-01 -4.533198813884446454e-01
-5.287748502352912494e-01 -5.894970046062064650e-01 -4.546376889069441152e-01
-4.522693482596677472e-01 -6.535330665936311956e-01 -4.559375121575168222e-01
-3.680299423465102637e-01 -7.076579800082390959e-01 -4.572192997225827393e-01
-2.773383876877646426e-01 -7.509403473558290409e-01 -4.584830008980066429e-01
-1.815882726793053015e-01 -7.826142608742766571e-01 -4.597285656951025645e-01
-8.226368541902352727e-02 -8.020926880914954760e-01 -4.609559448426124861e-01
1.908371660538468739e-02 -8.089781112382593564e-01 -4.621650897886540599e-01
1.208588806149009237e-01 -8.030702307014045971e-01 -4.633559527026424596e-01
2.214484009213300297e-01 -7.843705880300211319e-01 -4.645284864771812017e-01
3.192460374269288081e-01 -7.530840119855555237e-01 -4.656826447299269867e-01
4.126783075352694619e-01 -7.096168410108821822e-01 -4.668183818054228995e-01
5.002297445687801103e-01 -6.545719265023050015e-01 -4.679356527769059082e-01
5.804674180465975164e-01 -5.887404725963774066e-01 -4.690344134480828875e-01
6.520643199051940897e-01 -5.130908190140320846e-01 -4.701146203548793867e-01
7.138212358555471315e-01 -4.287543230213666789e-01 -4.711762307671593097e-01
7.646867423703512801e-01 -3.370085439701490659e-01 -4.722192026904143414e-01
8.037749969926804017e-01 -2.392579783966076179e-01 -4.732434948674261732e-01
8.303810223623684372e-01 -1.370126345530972567e-01 -4.742490667798974768e-01
8.439932220897629067e-01 -3.186477184098822357e-02 -4.752358786500557319e-01
8.443029088028252138e-01 7.453583771190376572e-02 -4.762038914422255798e-01
8.312106707132560501e-01 1.805077425732224683e-01 -4.771530668643743645e-01
8.048294521840499982e-01 2.843643357826200480e-01 -4.780833673696253672e-01
7.654842752729645872e-01 3.844406523406655452e-01 -4.789947561577443946e-01
7.137085822685921288e-01 4.791200148355307942e-01 -4.798871971765945044e-01
6.502372329922031513e-01 5.668601015314297387e-01 -4.807606551235626413e-01
5.759962442548643979e-01 6.462180172366870368e-01 -4.816150954469562984e-01
4.920894114773710082e-01 7.158739601106893780e-01 -4.824504843473694238e-01
3.997820032518866751e-01 7.746530970033984609e-01 -4.832667887790206285e-01
3.004817677218482586e-01 8.215452856881612087e-01 -4.840639764510593079e-01
1.957175342932261919e-01 8.557223140817562523e-01 -4.848420158288437865e-01
8.711573462409245849e-02 8.765523637835201942e-01 -4.856008761351880421e-01
-2.362479760633144632e-02 8.836114474520941897e-01 -4.863405273515800098e-01
-1.347593585781496628e-01 8.766916160359816690e-01 -4.870609402193680215e-01
-2.445248242276279738e-01 8.558057819708719816e-01 -4.877620862409193236e-01
-3.511675868994716954e-01 8.211890573770164181e-01 -4.884439376807461763e-01
-4.529715366327049519e-01 7.732965612080974216e-01 -4.891064675666041417e-01
-5.482856410846368433e-01 7.127977053546672437e-01 -4.897496496905582308e-01
-6.355506813267173261e-01 6.405670260014341144e-01 -4.903734586100197412e-01
-7.133247110768663468e-01 5.576716821790043133e-01 -4.909778696487533400e-01
-7.803068242515807107e-01 4.653557975422629722e-01 -4.915628588978520619e-01
-8.353588398024152095e-01 3.650218730709403059e-01 -4.921284032166843292e-01
-8.775245433066067857e-01 2.582095467801059918e-01 -4.926744802338081652e-01
-9.060461612707940704e-01 1.465720208487426013e-01 -4.932010683478572632e-01
-9.203777860366336716e-01 3.185051608651072452e-02 -4.937081467283944147e-01
-9.201955159168517806e-01 -8.415285230704096231e-02 -4.941956953167363498e-01
-9.054041260245002665e-01 -1.996033557632481414e-01 -4.946636948267467138e-01
-8.761401394025880585e-01 -3.126626467960591516e-01 -4.951121267455992347e-01
-8.327712246717134947e-01 -4.215180090575260108e-01 -4.955409733345097489e-01
-7.758919046007448639e-01 -5.244113979133769865e-01 -4.959502176294384168e-01
-7.063156188484380760e-01 -6.196678065905921740e-01 -4.963398434417601313e-01
-6.250632426847757550e-01 -7.057225005233861426e-01 -4.967098353589053383e-01
-5.333482208386596257e-01 -7.811466774708788474e-01 -4.970601787449696052e-01
-4.325585308064937018e-01 -8.446711331094255426e-01 -4.973908597412926014e-01
-3.242357420952316494e-01 -8.952075408108964849e-01 -4.977018652670062715e-01
-2.100514861053980886e-01 -9.318669897890478060e-01 -4.979931830195521436e-01
-9.178169488662149544e-02 -9.539754672042027872e-01 -4.982648014751683285e-01
2.872099491256752124e-02 -9.610860165408477984e-01 -4.985167098893450444e-01
1.495562445725804879e-01 -9.529873558996629912e-01 -4.987488982972498319e-01
2.688059686141088811e-01 -9.297087949849278665e-01 -4.989613575141215729e-01
3.845647709235285316e-01 -8.915213476615773125e-01 -4.991540791356340878e-01
4.949703788797233384e-01 -8.389349970927929556e-01 -4.993270555382282039e-01
5.982335894845923763e-01 -7.726921316982275911e-01 -4.994802798794136800e-01
6.926672460727998359e-01 -6.937572315209949991e-01 -4.996137460980397127e-01
7.767137764897753538e-01 -6.033029450750660994e-01 -4.997274489145346332e-01
8.489708435334230030e-01 -5.026927553882116761e-01 -4.998213838311149626e-01
9.082146856864719009e-01 -3.934604898069768431e-01 -4.998955471319630472e-01
9.534207603362697681e-01 -2.772869802736092626e-01 -4.999499358833744411e-01
9.837813422833769916e-01 -1.559742283616375180e-01 -4.999845479338734244e-01
9.987197767731557096e-01 -3.141747157096331372e-02 -4.999993819142987128e-01
9.979011378376209107e-01 9.442441647482761879e-02 -4.999944372378570256e-01
9.812390986165077100e-01 2.195597298389328489e-01 -4.999697141001468448e-01
9.488988796677988447e-01 3.419954537615946810e-01 -4.999252134791501989e-01
9.012962031503392035e-01 4.597690088772453110e-01 -4.998609371351943609e-01
8.390922441881062399e-01 5.709797104798032263e-01 -4.997768876108819591e-01
7.631846347004052067e-01 6.738194384869403697e-01 -4.996730682309904470e-01
6.746946384810724728e-01 7.666020231731894841e-01 -4.995494831023407634e-01
5.749506783120941211e-01 8.477908691481123027e-01 -4.994061371136345739e-01
4.654684553973211791e-01 9.160243652241836232e-01 -4.992430359352612035e-01
3.479279574301710198e-01 9.701386603936537067e-01 -4.990601860190731487e-01
2.241477032447441176e-01 1.009187425639435531e+00 -4.988575945981307269e-01
9.605661838447138168e-02 1.032458267152898568e+00 -4.986352696864163603e-01
-3.433602371852730040e-02 1.039485508024414084e+00 -4.983932200785171629e-01
-1.649721266155935451e-01 1.030059111821291173e+00 -4.981314553492772190e-01
-2.937772670759620230e-01 1.004229581797487336e+00 -4.978499858534188860e-01
-4.186936494073877912e-01 9.623087328477314406e-01 -4.975488227251330664e-01
-5.377129941094597188e-01 9.048662987268628610e-01 -4.972279778776387826e-01
-6.489088349565681479e-01 8.327224034667796149e-01 -4.968874640027121647e-01
-7.504677048736133615e-01 7.469359922780419714e-01 -4.965272945701838525e-01
-8.407187055976161894e-01 6.487893824566313139e-01 -4.961474838274068655e-01
-9.181609789321748538e-01 5.397691578733443407e-01 -4.957480467986924433e-01
-9.814886280798561513e-01 4.215436904801489471e-01 -4.953289992847158540e-01
-1.029612675638152064e+00 2.959376279426872980e-01 -4.948903578618917831e-01
-1.061679689799285731e+00 1.649037370829627980e-01 -4.944321398817178581e-01
-1.077086761423137196e+00 3.049253744892305162e-02 -4.939543634700890862e-01
-1.075492571172834033e+00 -1.051798027358347987e-01 -4.934570475265800393e-01
-1.056824346937962789e+00 -2.399648053948532644e-01 -4.929402117236979519e-01
-1.021280576369181237e+00 -3.717157306325958865e-01 -4.924038765061040657e-01
-9.693294064934098175e-01 -4.983217939932189089e-01 -4.918480630898051653e-01
-9.017027310087346592e-01 -6.177420071039351201e-01 -4.912727934613139169e-01
-8.193860348787616044e-01 -7.280380987245306246e-01 -4.906780903767798407e-01
-7.236041341527675863e-01 -8.274059848049605259e-01 -4.900639773610883654e-01
-6.158030154283830049e-01 -9.142052763200758658e-01 -4.894304787069307383e-01
-4.976280429714463049e-01 -9.869863421271932724e-01 -4.887776194738431834e-01
-3.708988611736511731e-01 -1.044514480472028994e+00 -4.881054254872148057e-01
-2.375813747830356759e-01 -1.085790796511073797e+00 -4.874139233372671853e-01
-9.975723827845657532e-02 -1.110069433664208516e+00 -4.867031403780013865e-01
4.040867194390061756e-02 -1.116870862989127300e+00 -4.859731047261168779e-01
1.807022939599301770e-01 -1.105990996206323462e+00 -4.852238452598985341e-01
3.188953896860576842e-01 -1.077505953543253847e+00 -4.844553916180748820e-01
4.527809730785371523e-01 -1.031772386178844148e+00 -4.836677741986451506e-01
5.802085932459469797e-01 -9.694233236707133772e-01 -4.828610241576774542e-01
6.991189077734952795e-01 -8.913595882144970117e-01 -4.820351734080753903e-01
8.075769898222462384e-01 -7.987368887752778202e-01 -4.811902546183168816e-01
9.038038297982248226e-01 -6.929487778997788228e-01 -4.803263012111606001e-01
9.862055183551787785e-01 -5.756057212379831478e-01 -4.794433473623249120e-01
1.053399631834740502e+00 -4.485105933789990673e-01 -4.785414279991355158e-01
1.104238383449889449e+00 -3.136309724997649595e-01 -4.776205787991434359e-01
1.137828152949515337e+00 -1.730686595634182701e-01 -4.766808361887147627e-01
1.153545063407092286e+00 -2.902689450264938145e-02 -4.757222373415883609e-01
1.151046335292608802e+00 1.162242188025161549e-01 -4.747448201774068233e-01
1.130277214156458099e+00 2.603835355667913354e-01 -4.737486233602149488e-01
1.091473338038432717e+00 4.011553751406611301e-01 -4.727336862969318543e-01
1.035158483013509878e+00 5.362861281504492927e-01 -4.717000491357906666e-01
9.621376989503799271e-01 6.636003811826425292e-01 -4.706477527647517922e-01
8.734859214136385663e-01 7.810359791501965132e-01 -4.695768388098839896e-01
7.705322185001109991e-01 8.866774594936540632e-01 -4.684873496337191856e-01
6.548399020902875289e-01 9.787873155278583592e-01 -4.673793283335756499e-01
5.281828003688956441e-01 1.055834578224597475e+00 -4.662528187398537471e-01
3.925180514275810606e-01 1.116520246051190490e+00 -4.651078654143022684e-01
2.499558352717104193e-01 1.159799140562543407e+00 -4.639445136482547305e-01
1.027265126624673786e-01 1.184897820535116164e+00 -4.627628094608391418e-01
-4.685431691806163368e-02 1.191328248686954527e+00 -4.615627995971562370e-01
-1.964222900301850760e-01 1.178896971496123935e+00 -4.603445315264317328e-01
-3.436017113668189960e-01 1.147709643268434831e+00 -4.591080534401370539e-01
-4.860433496089431871e-01 1.098170799301324330e+00 -4.578534142500847448e-01
-6.214619947496837771e-01 1.030978858575508639e+00 -4.565806635864917418e-01
-7.476731754709736721e-01 9.471164126750700740e-01 -4.552898517960179969e-01
-8.626284456836421644e-01 8.478359333683940235e-01 -4.539810299397731841e-01
-9.644486693931734189e-01 7.346411052586567791e-01 -4.526542497912985352e-01
-1.051454762355211070e+00 6.092640609355208792e-01 -4.513095638345171468e-01
-1.122195387108272602e+00 4.736388629765393432e-01 -4.499470252616591393e-01
-1.175471144349437447e+00 3.298716388606227623e-01 -4.485666879711571742e-01
-1.210354857543558538e+00 1.802078303537220649e-01 -4.471686065655136599e-01
-1.226207608300080132e+00 2.699706728527957733e-02 -4.457528363491420897e-01
-1.222690246470063968e+00 -1.273437839557512441e-01 -4.443194333261780149e-01
-1.199770170070639130e+00 -2.803688151003493889e-01 -4.428684541982648715e-01
-1.157723244914327321e+00 -4.296419091601305640e-01 -4.413999563623098865e-01
-1.097130811022255070e+00 -5.727755943745761469e-01 -4.399139979082148932e-01
-1.018871801304728875e+00 -7.074692980954352395e-01 -4.384106376165768926e-01
-9.241100763466677526e-01 -8.315463865418727396e-01 -4.368899349563644674e-01
-8.142771561800759006e-01 -9.429893930204296115e-01 -4.353519500825638877e-01
-6.910506044179651752e-01 -1.039972863516870794e+00 -4.337967438338009019e-01
-5.563283908569399694e-01 -1.120893284153857916e+00 -4.322243777299326073e-01
-4.121996244744793314e-01 -1.184395599340629435e+00 -4.306349139696154515e-01
-2.609121085755177760e-01 -1.229395881843111438e+00 -4.290284154278439233e-01
-1.048372226913707739e-01 -1.255099775671805418e+00 -4.274049456534630420e-01
5.356731917547527533e-02 -1.261016398692489160e+00 -4.257645688666558681e-01
2.117962479912221530e-01 -1.246967463179701197e+00 -4.241073499564012583e-01
3.673364437082518030e-01 -1.213091448033150721e+00 -4.224333544779091398e-01
5.177069333261611339e-01 -1.159842734867917224e+00 -4.207426486500251972e-01
6.604985450715149531e-01 -1.087985700423203639e+00 -4.190352993526134662e-01
7.934125835743296440e-01 -9.985838384307329507e-01 -4.173113741239087848e-01
9.142979039176761802e-01 -8.929840639483841436e-01 -4.155709411578470402e-01
1.021185785462683793e+00 -7.727964309115115116e-01 -4.138140693013657168e-01
1.112322039077188407e+00 -6.398695680269403940e-01 -4.120408280516822397e-01
1.186195823338884958e+00 -4.962622079229105365e-01 -4.102512875535438974e-01
1.241564695804950658e+00 -3.442112485352055717e-01 -4.084455185964527280e-01
1.277475483766790543e+00 -1.860968429999228513e-01 -4.066235926118667021e-01
1.293280624133444912e+00 -2.440506389264905651e-02 -4.047855816703720966e-01
1.288649693193068213e+00 1.383112713282210471e-01 -4.029315584788347726e-01
1.263575922869359269e+00 2.994729950408652197e-01 -4.010615963775219783e-01
1.218377579520409704e+00 4.565155637231316232e-01 -3.991757693372032234e-01
1.153694163059762579e+00 6.069299593384970271e-01 -3.972741519562219548e-01
1.070477466910435549e+00 7.483028640320324998e-01 -3.953568194575471373e-01
9.699776217073432516e-01 8.783554634090491309e-01 -3.934238476857951361e-01
8.537243264184698477e-01 9.949802531227786018e-01 -3.914753131042318368e-01
7.235035483562802794e-01 1.096275253050825960e+00 -3.895112927917457335e-01
5.813300471381346313e-01 1.180575072555175575e+00 -3.875318644398008661e-01
4.294161458310296053e-01 1.246478318605038549e+00 -3.855371063493625572e-01
2.701372341645454367e-01 1.292870895156212008e+00 -3.835270974277994460e-01
1.059945428050825950e-01 1.318944806245089474e+00 -3.815019171857638725e-01
-6.042422664564602725e-02 1.324212145771568316e+00 -3.794616457340445614e-01
-2.264857947971225527e-01 1.308514032802988059e+00 -3.774063637803997118e-01
-3.895530729842582862e-01 1.272024331233582384e+00 -3.753361526263622738e-01
-5.470271430130424495e-01 1.215248075511220271e+00 -3.732510941640262980e-01
-6.963887782258584291e-01 1.139014608575436460e+00 -3.711512708728048060e-01
-8.352388409183280071e-01 1.044465522787631828e+00 -3.690367658161697872e-01
-9.613369067567656412e-01 9.330375781185640260e-01 -3.669076626383639961e-01
-1.072637492927210445e+00 8.064408528445824453e-01 -3.647640455610945409e-01
-1.167323302909376137e+00 6.666324591839369873e-01 -3.626059993801988290e-01
-1.243834946466876978e+00 5.157862284261974795e-01 -3.604336094622925812e-01
-1.300896647979763676e+00 3.562588359939987126e-01 -3.582469617413918117e-01
-1.337537518769230438e+00 1.905528954507830497e-01 -3.560461427155128256e-01
-1.353108038603644037e+00 2.127760076189414568e-02 -3.538312394432524544e-01
-1.347291467034998913e+00 -1.488924627022483183e-01 -3.516023395403420349e-01
-1.320109985405898190e+00 -3.172596865584683123e-01 -3.493595311761840128e-01
-1.271925454016512580e+00 -4.811463143044729662e-01 -3.471029030703614016e-01
-1.203434754718130328e+00 -6.379371395016474322e-01 -3.448325444891312541e-01
-1.115659775734399117e+00 -7.851213446339332380e-01 -3.425485452418906007e-01
-1.009932181417277253e+00 -9.203328095679641496e-01 -3.402509956776265665e-01
-8.878731935399643005e-01 -1.041388240871761628e+00 -3.379399866813397324e-01
-7.513686912620453073e-01 -1.146322506047094736e+00 -3.356156096704517311e-01
-6.025400127678526285e-01 -1.233420599504708726e+00 -3.332779565911862529e-01
-4.437109115458943154e-01 -1.301245719204524587e+00 -3.309271199149340648e-01
-2.773711832043099235e-01 -1.348662993488281669e+00 -3.285631926345945475e-01
-1.061375335703954315e-01 -1.374858465804595253e+00 -3.261862682608955843e-01
6.728769530036173008e-02 -1.379353019693237981e+00 -3.237964408186972953e-01
2.401592884466517142e-01 -1.362011006379956646e+00 -3.213938048432697925e-01
4.097327321111312037e-01 -1.323043421366024042e+00 -3.189784553765562802e-01
5.733079051063193488e-01 -1.263005563142586052e+00 -3.165504879634107871e-01
7.282721899857749204e-01 -1.182789195233549639e+00 -3.141099986478215200e-01
8.721423138136066289e-01 -1.083609320763591954e+00 -3.116570839691085171e-01
1.002604246651252362e+00 -9.669857652461409936e-01 -3.091918409581080329e-01
1.117550515022685875e+00 -8.347198468988594744e-01 -3.067143671333311117e-01
1.215114327144685369e+00 -6.888664931695467342e-01 -3.042247604971089481e-01
1.293699956010312180e+00 -5.317022360083375476e-01 -3.017231195317133241e-01
1.352008884728056248e+00 -3.656895855524427974e-01 -2.992095431954635010e-01
1.389061284936775831e+00 -1.934383411991473234e-01 -2.966841309188104625e-01
1.404212472591853222e+00 -1.766444956139740299e-02 -2.941469826004026733e-01
1.397164064793352756e+00 1.588529403108641935e-01 -2.915981986031369599e-01
1.367969645342749674e+00 3.333155434793030336e-01 -2.890378797501855224e-01
1.317034834036494351e+00 5.029504267202463685e-01 -2.864661273210102888e-01
1.245111743938865034e+00 6.650542078888285191e-01 -2.838830430473540667e-01
1.153287900597096849e+00 8.170362605133307810e-01 -2.812887291092189268e-01
1.042969785929255044e+00 9.564602311792154143e-01 -2.786832881308212717e-01
9.158612559041638956e-01 1.081083202479815375e+00 -2.760668231765355252e-01
7.739371637488136058e-01 1.188891870283357299e+00 -2.734394377468139514e-01
6.194125979290133754e-01 1.278135150239586793e+00 -2.708012357740954834e-01
4.547082152950852052e-01 1.347352684111926990e+00 -2.681523216186915137e-01
2.824122134098805414e-01 1.395398780800726657e+00 -2.654928000646602504e-01
1.052395411427167748e-01 1.421461398810168086e+00 -2.628227763156606445e-01
-7.401100778686511839e-02 1.425075855271449976e+00 -2.601423559907896088e-01
-2.525011382476566313e-01 1.406133030224647751e+00 -2.574516451204066914e-01
-4.273981294787206897e-01 1.364881922353841759e+00 -2.547507501419367104e-01
-5.959199252323772455e-01 1.301926502368933036e+00 -2.520397778956626755e-01
-7.553795184243726757e-01 1.218216901295576138e+00 -2.493188356204959211e-01
-9.032279200913996275e-01 1.115035061612528189e+00 -2.465880309497375800e-01
-1.037095023507023317e+00 9.939750680086539836e-01 -2.438474719068174923e-01
-1.154827706444751634e+00 8.569184600890380477e-01 -2.410972669010242875e-01
-1.254524557306741839e+00 7.060049102632098839e-01 -2.383375247232139837e-01
-1.334566663499616279e+00 5.435987249883121875e-01 -2.355683545415094005e-01
-1.393643962209156539e+00 3.722516953021396402e-01 -2.327898658969788370e-01
-1.430776723632311231e+00 1.946628820635243062e-01 -2.300021686993055925e-01
-1.445331813664552323e+00 1.363597154646250219e-02 -2.272053732224390277e-01
-1.437033465791656361e+00 -1.679651228114959205e-01 -2.243995901002312221e-01
-1.405968379183663908e+00 -3.472617072961100004e-01 -2.215849303220633892e-01
-1.352585050343157791e+00 -5.214060800510633698e-01 -2.187615052284523076e-01
-1.277687337677785528e+00 -6.876268984469496859e-01 -2.159294265066490637e-01
-1.182422350574579673e+00 -8.432734167229607447e-01 -2.130888061862178384e-01
-1.068262845473209044e+00 -9.858578856106735566e-01 -2.102397566346075886e-01
-9.369843996046122170e-01 -1.113095433696943637e+00 -2.073823905527037437e-01
-7.906377170628754447e-01 -1.222940789274792328e+00 -2.045168209703734086e-01
-6.315165003540956778e-01 -1.313621250766611848e+00 -2.016431612419908870e-01
-4.621213922501872240e-01 -1.383665372706533558e+00 -1.987615250419569601e-01
-2.851205565033753109e-01 -1.431926901814385866e+00 -1.958720263601989586e-01
-1.033075207136137652e-01 -1.457603572811998260e+00 -1.929747794976644781e-01
8.044305050692944492e-02 -1.460250455132989122e+00 -1.900698990617986917e-01
2.632209497000075893e-01 -1.439787628263845320e+00 -1.871574999620095880e-01
4.421266626442590386e-01 -1.396502053745959815e+00 -1.842376974051253280e-01
6.143175094796555769e-01 -1.331043604424274385e+00 -1.813106068908336421e-01
7.770529543144758522e-01 -1.244415304867056316e+00 -1.783763442071162886e-01
9.277383588685802485e-01 -1.137957929507555255e+00 -1.754350254256654695e-01
1.063966479437759460e+00 -1.013329195484826917e+00 -1.724867668972956958e-01
1.183556041451161667e+00 -8.724778739350727008e-01 -1.695316852473378599e-01
1.284586771595631394e+00 -7.176132252072852102e-01 -1.665698973710292574e-01
1.365430323177118099e+00 -5.511702388321736423e-01 -1.636015204288860936e-01
1.424776595205659913e+00 -3.757712268399072131e-01 -1.606266718420723549e-01
1.461655018597249667e+00 -1.941843781059045537e-01 -1.576454692877515551e-01
1.475450462728459478e+00 -9.279930841309900688e-03 -1.546580306944345673e-01
1.465913501085551296e+00 1.760153406685547595e-01 -1.516644742373136623e-01
1.433164864556431661e+00 3.587646010780143335e-01 -1.486649183335863045e-01
1.377694003586909632e+00 5.360676504062941161e-01 -1.456594816377739798e-01
1.300351774479725053e+00 7.051070970209618594e-01 -1.426482830370250920e-01
1.202337359049535870e+00 8.631932697346642591e-01 -1.396314416464154440e-01
1.085179619152680131e+00 1.007807150793192941e+00 -1.366090768042331483e-01
9.507131768056878984e-01 1.136640642277269908e+00 -1.335813080672611231e-01
8.010495952555550803e-01 1.247633520229627369e+00 -1.305482552060443779e-01
6.385441151072309696e-01 1.339006482992564084e+00 -1.275100382001557175e-01
4.657584711770520469e-01 1.409289761978882227e+00 -1.244667772334461103e-01
2.854203789725757168e-01 1.457346833418319498e+00 -1.214185926892936696e-01
1.003803335730705099e-01 1.482392847407521197e+00 -1.183656051458402136e-01
-8.643359267150255154e-02 1.484007474603193266e+00 -1.153079353712202215e-01
-2.720622345021818100e-01 1.462141959795882018e+00 -1.122457043187866654e-01
-4.535623598286763203e-01 1.417120263965713223e+00 -1.091790331223228827e-01
-6.280534877812653516e-01 1.349634270773589106e+00 -1.061080430912543504e-01
-7.927637515924286227e-01 1.260733128271251502e+00 -1.030328557058464850e-01
-9.450740737201970276e-01 1.151806890401561478e+00 -9.995359261240273352e-02
-1.082559946923210559e+00 1.024564714101224627e+00 -9.687037561844906441e-02
-1.203030152623387972e+00 8.810079550469693821e-01 -9.378332668791904136e-02
-1.304561796253203898e+00 7.233985869016799075e-01 -9.069256793632581026e-02
-1.385531097616661267e+00 5.542234440007802743e-01 -8.759822162593500217e-02
-1.444639441666159652e+00 3.761548545650186259e-01 -8.450041016092484092e-02
-1.480934270442322731e+00 1.920082896469971767e-01 -8.139925608254727774e-02
-1.493824479035706920e+00 4.697701180585050693e-03 -7.829488206427918928e-02
-1.483090065999514540e+00 -1.828107400785989878e-01 -7.518741090696849649e-02
-1.448885880269397797e+00 -3.675457698626901637e-01 -7.207696553397953398e-02
-1.391739400865185106e+00 -5.465782677953674451e-01 -6.896366898632697029e-02
-1.312542580950822213e+00 -7.170678534514252078e-01 -6.584764441781222610e-02
-1.212537882686444135e+00 -8.763080974048242933e-01 -6.272901509014823518e-02
-1.093298722198655426e+00 -1.021769625279131288e+00 -5.960790436808712650e-02
-9.567046334328049850e-01 -1.151140426060137889e+00 -5.648443571453666545e-02
-8.049115441973551111e-01 -1.262362720219002643e+00 -5.335873268567994238e-02
-6.403176360081123120e-01 -1.353665797818927263e+00 -5.023091892608425729e-02
-4.655253301315392389e-01 -1.423594300869567952e+00 -4.710111816381364752e-02
-2.833000043708372440e-01 -1.471031496729928723e+00 -4.396945420553094452e-02
-9.652609763919413333e-02 -1.495217169181190631e+00 -4.083605093160343896e-02
9.183869862762425451e-02 -1.495759839622192944e+00 -3.770103229120114890e-02
2.788104323279887442e-01 -1.472643121307044778e+00 -3.456452229739242349e-02
4.614263167568475321e-01 -1.426226103199372375e+00 -3.142664502224136458e-02
6.367918346193873758e-01 -1.357237755360836129e+00 -2.828752459189636317e-02
8.021267686466775348e-01 -1.266765443295336802e+00 -2.514728518168352078e-02
9.548094243958047400e-01 -1.156237732803747198e+00 -2.200605101119105372e-02
1.092418339502297275e+00 -1.027401758158846601e+00 -1.886394633935905077e-02
1.212770813639107770e+00 -8.822955133221008772e-01 -1.572109545956055718e-02
1.313957644083185050e+00 -7.232155070995437418e-01 -1.257762269468841974e-02
1.394373512288734185e+00 -5.526802972719359053e-01 -9.433652392233838127e-03
1.452742536249498118e+00 -3.733904846428438562e-01 -6.289308919371060583e-03
1.488138580587485826e+00 -1.881858045732647533e-01 -3.144716658034202306e-03
1.500000000000000000e+00 -7.347880794884119933e-15 -1.224646799147353207e-16
